347
767
1202
1647
2073
2497
2935
3380
3823
4250
4684
5128
5577
6005
6434
6874
7328
7768
8185
8618
9059
9504
9931
10337
10755
11186
11628
12053
12470
12906
13353
13791
14218
14649
15091
15534
15958
16393
16841
17277
17697
18129
18577
19021
19441
19876
20327
20780
21208
21644
22087
22537
22977
23413
23861
24316
24757
25186
25625
26076
26511
26934
27364
27797
28232
28643
29061
29496
29937
30360
30790
31235
31683
32117
32560
33006
33465
33904
34332
34767
35202
35639
36062
36489
36933
37383
37822
38254
38696
39148
39584
39999
40423
40863
41307
41732
42172
42631
43069
43504
43945
44384
44807
45252
45706
46147
46587
47033
47473
47908
48357
48814
49263
49688
50123
50566
51011
51430
51857
52297
52733
53157
53600
54057
54490
54935
55401
55857
56291
56728
57176
57615
58053
58503
58959
59387
59832
60289
60728
61171
61617
62050
62480
62917
63356
63777
64211
64655
65080
65514
65955
66394
66816
67243
67691
68148
68600
69050
69512
69979
70434
70876
71327
71783
72222
72658
73098
73543
73970
74406
74853
75296
75733
76182
76635
77087
77541
77999
78461
78900
79336
79782
80240
80689
81122
81569
82032
82503
82959
83405
83863
84328
84783
85217
85661
86116
86567
86996
87439
87900
88346
88784
89231
89684
90109
90536
90966
91389
91809
92243
92690
93119
93547
93987
94425
94850
95285
95716
96132
96553
96984
97426
97856
98280
98716
99165
99604
100032
100475
100929
101381
101810
102246
102692
103136
103567
104010
104458
104904
105342
105791
106248
106690
107124
107572
108036
108497
108936
109381
109836
110282
110701
111125
111557
111998
112431
112867
113317
113766
114204
114652
115104
115551
115985
116430
116881
117318
117729
118152
118585
119022
119444
119862
120301
120752
121196
121626
122064
122511
122959
123393
123815
124249
124702
125154
125603
126036
126475
126933
127396
127845
128281
128730
129185
129630
130075
130527
130985
131422
131859
132308
132756
133187
133598
134015
134451
134867
135277
135703
136133
136544
136973
137416
137845
138279
138723
139163
139600
140043
140495
140924
141359
141804
142250
142680
143122
143579
144040
144477
144924
145376
145816
146237
146668
147119
147570
148001
148415
148839
149277
149716
150155
150571
151008
151461
151898
152338
152784
153219
153643
154081
154527
154961
155393
155836
156279
156702
157136
157580
158008
158425
158851
159287
159721
160136
160570
161015
161460
161882
162313
162758
163192
163609
164034
164467
164891
165313
165753
166195
166620
167054
167495
167921
168356
168798
169238
169671
170117
170573
171011
171459
171920
172374
172811
173265
173731
174185
174621
175071
175537
175999
176438
176882
177333
177773
178204
178641
179098
179543
179972
180416
180888
181352
181805
182271
182742
183204
183661
184133
184603
185045
185496
185952
186365
186787
187206
187617
188045
188486
188918
189338
189775
190222
190651
191086
191529
191983
192414
192854
193306
193748
194189
194639
195090
195519
195961
196412
196824
197258
197707
198146
198587
199045
199510
199943
200391
200860
201319
201773
202247
202715
203169
203622
204084
204520
204959
205403
205837
206273
206727
207183
207616
208057
208510
208970
209396
209838
210287
210734
211158
211601
212054
212483
212915
213362
213813
214233
214673
215127
215546
215981
216436
216880
217305
217746
218202
218630
219065
219514
219962
220386
220825
221269
221696
222131
222567
222993
223416
223854
224306
224728
225162
225603
226047
226456
226888
227325
227745
228167
228610
229058
229469
229899
230340
230786
231206
231641
232078
232513
232941
233384
233839
234265
234695
235137
235571
235973
236401
236840
237277
237685
238115
238556
238983
239393
239825
240269
240677
241096
241531
242004
242438
242866
243298
243732
244133
244551
244977
245400
245801
246230
246671
247111
247552
247994
248404
248821
249244
249683
250089
250517
250957
251387
251804
252247
252695
253124
253565
254012
254433
254859
255291
255742
256156
256595
257042
257478
257900
258339
258788
259198
259626
260061
260492
260900
261329
261777
262211
262629
263067
263519
263943
264381
264819
265241
265657
266087
266531
266937
267366
267804
268253
268673
269089
269519
269958
270391
270829
271272
271711
272138
272575
273024
273466
273901
274343
274799
275233
275681
276136
276582
277029
277488
277948
278403
278864
279312
279741
280188
280636
281066
281507
281963
282412
282851
283301
283753
284187
284635
285099
285545
285996
286453
286893
287324
287763
288201
288615
289035
289467
289903
290328
290761
291196
291622
292047
292475
292907
293317
293740
294178
294613
295052
295505
295959
296398
296847
297304
297758
298208
298666
299136
299582
300037
300504
300959
301404
301867
302344
302809
303257
303710
304167
304607
305034
305479
305936
306382
306820
307265
307716
308144
308585
309036
309493
309927
310353
310803
311268
311741
312193
312639
313101
313571
314020
314469
314934
315404
315850
316307
316774
317224
317674
318139
318596
319031
319484
319940
320388
320829
321292
321762
322209
322662
323128
323592
324027
324468
324916
325347
325797
326250
326707
327143
327595
328060
328512
328962
329420
329880
330320
330768
331223
331679
332113
332568
333032
333474
333917
334370
334818
335244
335676
336116
336548
336983
337430
337885
338328
338780
339242
339684
340129
340577
341003
341429
341864
342293
342707
343141
343584
344010
344442
344886
345330
345761
346203
346657
347104
347544
347997
348452
348889
349340
349799
350240
350686
351138
351580
352022
352476
352923
353358
353808
354269
354706
355148
355597
356032
356462
356902
357355
357785
358223
358667
359116
359537
359980
360422
360852
361290
361743
362195
362624
363072
363537
364005
364449
364898
365359
365809
366241
366684
367136
367576
368011
368455
368899
369332
369769
370208
370659
371107
371564
372024
372461
372911
373368
373800
374247
374702
375157
375603
376058
376513
376960
377416
377879
378321
378775
379241
379685
380136
380586
381017
381455
381907
382337
382774
383219
383666
384098
384545
384995
385425
385870
386334
386799
387231
387675
388122
388556
388986
389421
389867
390297
390740
391192
391637
392082
392539
393001
393443
393897
394354
394789
395231
395692
396137
396568
397015
397466
397900
398342
398789
399237
399669
400112
400566
401004
401449
401904
402349
402796
403255
403699
404123
404555
404992
405418
405858
406316
406776
407235
407707
408172
408623
409084
409541
409982
410434
410892
411324
411760
412202
412637
413060
413500
413952
414389
414809
415249
415705
416158
416597
417055
417514
417971
418409
418857
419310
419744
420170
420607
421055
421486
421918
422371
422822
423252
423703
424178
424637
425098
425565
426033
426482
426939
427408
427873
428325
428786
429243
429675
430109
430547
430956
431369
431792
432215
432650
433090
433503
433929
434361
434774
435196
435625
436056
436474
436909
437359
437805
438237
438683
439137
439573
440013
440465
440919
441359
441813
442281
442741
443191
443654
444123
444576
445034
445502
445959
446414
446881
447345
447791
448251
448717
449180
449621
450078
450539
450989
451435
451893
452359
452799
453252
453710
454148
454589
455039
455483
455915
456367
456833
457299
457781
458276
458760
459234
459728
460208
460684
461171
461661
462127
462595
463066
463528
463977
464433
464898
465355
465819
466297
466766
467228
467696
468162
468627
469109
469584
470036
470500
470978
471448
471914
472386
472851
473297
473751
474216
474666
475120
475589
476053
476501
476955
477426
477889
478358
478831
479294
479751
480213
480681
481128
481579
482030
482474
482925
483375
483818
484274
484733
485161
485586
486025
486470
486914
487352
487797
488236
488648
489067
489486
489886
490289
490697
491108
491503
491912
492325
492727
493122
493523
493925
494314
494709
495110
495511
495894
496287
496683
497085
497482
497885
498300
498723
499139
499567
499999
500424
500839
501260
501685
502104
502531
502957
503374
503779
504191
504609
505022
505449
505892
506322
506757
507203
507657
508103
508557
509020
509448
509892
510334
510751
511178
511617
512074
512512
512962
513425
513874
514326
514793
515250
515702
516169
516642
517103
517546
517998
518459
518905
519354
519820
520288
520743
521204
521674
522137
522573
523012
523453
523875
524310
524759
525197
525638
526083
526526
526943
527365
527787
528195
528610
529034
529454
529871
530294
530729
531139
531549
531967
532375
532777
533194
533617
534019
534416
534815
535209
535583
535971
536351
536724
537105
537468
537844
538224
538592
538956
539331
539711
540083
540462
540848
541241
541622
542015
542415
542821
543210
543615
544022
544426
544806
545196
545591
545974
546356
546753
547161
547554
547963
548384
548794
549209
549642
550091
550529
550976
551429
551871
552320
552775
553242
553692
554147
554599
555049
555482
555931
556389
556821
557260
557706
558140
558567
559013
559472
559916
560383
560863
561338
561793
562256
562707
563132
563563
564013
564460
564905
565380
565862
566321
566799
567288
567737
568191
568652
569089
569528
569984
570438
570876
571334
571780
572202
572630
573076
573515
573953
574410
574881
575334
575798
576263
576713
577170
577626
578071
578524
578983
579408
579832
580263
580690
581110
581555
582007
582436
582857
583297
583735
584154
584592
585028
585451
585894
586361
586809
587235
587676
588122
588564
588978
589403
589851
590304
590769
591231
591684
592130
592598
593078
593550
594017
594473
594911
595361
595807
596238
596678
597126
597567
598003
598446
598885
599315
599769
600234
600678
601136
601602
602062
602526
603000
603475
603934
604399
604867
605317
605780
606251
606706
607170
607639
608087
608539
608996
609437
609878
610332
610785
611234
611693
612155
612601
613059
613519
613970
614423
614875
615310
615746
616193
616634
617060
617500
617952
618385
618835
619298
619756
620200
620652
621105
621539
621984
622431
622864
623298
623742
624182
624602
625040
625487
625928
626369
626827
627270
627710
628156
628602
629027
629458
629910
630371
630817
631271
631732
632200
632657
633129
633603
634056
634520
634995
635459
635924
636396
636859
637313
637776
638236
638674
639122
639583
640030
640469
640924
641369
641793
642236
642692
643139
643578
644034
644486
644914
645357
645810
646244
646679
647122
647566
647999
648443
648889
649315
649754
650197
650628
651057
651494
651936
652361
652798
653241
653659
654079
654519
654972
655426
655855
656302
656755
657203
657630
658073
658523
658959
659394
659849
660305
660746
661200
661650
662082
662529
662981
663412
663850
664294
664730
665153
665590
666038
666470
666902
667348
667804
668245
668692
669143
669577
670014
670463
670903
671329
671768
672213
672643
673081
673530
673959
674394
674835
675265
675689
676116
676544
676962
677393
677830
678253
678688
679124
679547
679976
680407
680828
681250
681684
682107
682535
682972
683400
683819
684245
684672
685088
685511
685932
686337
686757
687189
687599
688010
688434
688862
689267
689692
690123
690535
690950
691371
691789
692191
692602
693023
693456
693882
694307
694747
695187
695622
696072
696533
696974
697410
697857
698298
698721
699159
699604
700033
700468
700906
701339
701765
702207
702652
703070
703499
703934
704358
704785
705227
705673
706122
706585
707058
707513
707975
708437
708887
709344
709777
710202
710625
711057
711476
711904
712349
712782
713218
713669
714098
714521
714960
715408
715835
716269
716721
717172
717614
718076
718547
719005
719440
719891
720357
720805
721251
721724
722213
722680
723139
723627
724105
724557
725029
725511
725971
726431
726912
727383
727835
728300
728784
729265
729721
730186
730665
731165
731635
732100
732585
733069
733515
733967
734426
734883
735317
735768
736237
736686
737123
737576
738029
738459
738905
739359
739792
740237
740687
741128
741546
741985
742441
742876
743317
743764
744210
744641
745085
745536
745977
746398
746836
747287
747721
748150
748586
749025
749439
749865
750302
750737
751157
751585
752022
752452
752874
753315
753767
754207
754647
755108
755577
756023
756462
756916
757387
757838
758284
758740
759194
759633
760079
760539
760992
761431
761882
762342
762779
763224
763679
764121
764553
764995
765442
765872
766310
766753
767186
767620
768061
768501
768926
769362
769800
770230
770657
771096
771523
771943
772376
772808
773223
773653
774096
774534
774961
775408
775862
776301
776743
777189
777617
778045
778493
778943
779371
779812
780271
780718
781174
781633
782084
782549
783021
783475
783923
784377
784819
785264
785714
786162
786599
787047
787494
787925
788372
788828
789258
789701
790145
790575
791011
791454
791901
792332
792778
793226
793657
794092
794534
794977
795400
795841
796289
796722
797137
797573
798017
798457
798881
799313
799764
800225
800664
801079
801512
801968
802436
802892
803328
803779
804251
804721
805170
805625
806091
806546
807001
807465
807924
808373
808835
809286
809719
810155
810582
810996
811418
811842
812242
812654
813051
813426
813800
814165
814526
814868
815209
815573
815947
816322
816687
817068
817472
817879
818281
818691
819101
819499
819912
820329
820737
821155
821584
822001
822419
822855
823295
823727
824164
824615
825063
825512
825953
826386
826817
827252
827686
828101
828509
828900
829285
829670
830043
830439
830838
831222
831619
832023
832419
832826
833249
833670
834078
834497
834921
835333
835752
836182
836614
837029
837454
837880
838295
838712
839137
839539
839954
840376
840777
841187
841598
842015
842411
842815
843238
843652
844064
844496
844948
845377
845813
846253
846669
847096
847527
847939
848353
848775
849184
849586
850000
850416
850822
851239
851666
852072
852497
852926
853343
853770
854200
854617
855028
855469
855914
856337
856773
857231
857667
858103
858547
858980
859405
859845
860285
860714
861163
861610
862035
862472
862905
863324
863760
864189
864609
865043
865467
865879
866310
866741
867150
867578
868001
868412
868833
869254
869655
870070
870495
870898
871314
871746
872166
872595
873030
873446
873866
874298
874739
875162
875593
876034
876456
876884
877322
877738
878162
878595
879022
879428
879841
880267
880701
881113
881543
881997
882458
882897
883352
883814
884259
884715
885189
885650
886101
886569
887029
887467
887919
888390
888847
889298
889762
890217
890646
891091
891546
891985
892421
892878
893328
893750
894188
894629
895045
895471
895899
896319
896722
897149
897572
897983
898402
898826
899230
899646
900072
900497
900910
901340
901778
902209
902638
903072
903487
903893
904305
904710
905110
905521
905937
906343
906768
907187
907592
908014
908435
908847
909275
909702
910108
910527
910944
911342
911751
912163
912557
912960
913376
913785
914186
914608
915037
915452
915875
916311
916744
917163
917596
918033
918452
918883
919319
919745
920170
920605
921045
921474
921917
922355
922773
923207
923640
924052
924474
924908
925341
925763
926195
926644
927083
927530
927981
928407
928840
929273
929688
930111
930531
930933
931347
931767
932177
932585
932996
933399
933780
934177
934584
934979
935369
935752
936126
936508
936872
937253
937638
938024
938403
938803
939215
939617
940014
940423
940843
941255
941658
942085
942531
942980
943413
943865
944321
944757
945211
945668
946107
946558
947016
947452
947897
948357
948797
949240
949686
950114
950547
950988
951420
951835
952262
952687
953100
953525
953957
954380
954813
955251
955684
956118
956560
956995
957417
957848
958277
958685
959109
959543
959965
960384
960810
961236
961639
962059
962487
962893
963313
963746
964164
964585
965013
965431
965845
966264
966675
967081
967502
967928
968348
968779
969216
969637
970067
970505
970924
971343
971769
972178
972589
973011
973430
973830
974244
974662
975066
975484
975914
976334
976757
977184
977604
978023
978446
978858
979266
979683
980100
980507
980926
981354
981768
982193
982621
983034
983458
983890
984301
984713
985127
985515
985892
986286
986689
987095
987479
987886
988299
988698
989103
989513
989920
990307
990709
991115
991515
991918
992331
992748
993154
993573
994001
994408
994825
995254
995675
996089
996523
996955
997366
997786
998208
998614
999029
999452
999863
1000282
1000708
1001133
1001543
1001966
1002388
1002797
1003215
1003634
1004043
1004453
1004869
1005276
1005685
1006100
1006512
1006913
1007327
1007747
1008158
1008566
1008990
1009420
1009831
1010252
1010680
1011088
1011511
1011940
1012359
1012767
1013191
1013613
1014020
1014437
1014865
1015283
1015700
1016126
1016556
1016974
1017399
1017830
1018240
1018655
1019078
1019493
1019894
1020302
1020710
1021098
1021503
1021913
1022319
1022715
1023123
1023532
1023924
1024335
1024755
1025166
1025583
1026007
1026414
1026821
1027235
1027643
1028033
1028437
1028851
1029264
1029666
1030079
1030496
1030897
1031315
1031741
1032149
1032560
1032978
1033392
1033799
1034216
1034637
1035046
1035462
1035886
1036291
1036710
1037132
1037543
1037952
1038366
1038769
1039167
1039579
1039990
1040390
1040793
1041204
1041620
1042021
1042427
1042852
1043291
1043718
1044144
1044587
1045037
1045474
1045893
1046329
1046781
1047224
1047661
1048113
1048572
1049014
1049448
1049902
1050370
1050830
1051264
1051715
1052181
1052644
1053086
1053529
1053982
1054433
1054867
1055294
1055744
1056212
1056668
1057113
1057571
1058037
1058480
1058920
1059375
1059846
1060301
1060751
1061211
1061667
1062099
1062534
1062982
1063429
1063857
1064292
1064743
1065193
1065619
1066058
1066513
1066963
1067387
1067821
1068262
1068693
1069098
1069518
1069953
1070391
1070810
1071241
1071680
1072125
1072547
1072971
1073401
1073834
1074246
1074661
1075087
1075517
1075932
1076358
1076797
1077235
1077663
1078102
1078545
1078979
1079422
1079871
1080312
1080750
1081192
1081632
1082055
1082479
1082919
1083372
1083807
1084245
1084693
1085140
1085569
1086008
1086453
1086885
1087311
1087748
1088186
1088606
1089041
1089485
1089912
1090342
1090789
1091229
1091654
1092092
1092536
1092971
1093409
1093857
1094289
1094698
1095107
1095527
1095955
1096369
1096799
1097240
1097669
1098100
1098541
1098971
1099384
1099803
1100227
1100635
1101045
1101466
1101881
1102277
1102689
1103107
1103513
1103927
1104345
1104754
1105161
1105581
1106002
1106403
1106817
1107230
1107628
1108029
1108438
1108854
1109251
1109660
1110076
1110483
1110876
1111282
1111691
1112081
1112480
1112882
1113276
1113655
1114048
1114450
1114848
1115232
1115633
1116041
1116435
1116825
1117232
1117646
1118046
1118453
1118867
1119270
1119667
1120075
1120494
1120905
1121307
1121720
1122150
1122584
1123013
1123434
1123869
1124321
1124765
1125195
1125631
1126074
1126503
1126920
1127354
1127778
1128183
1128603
1129040
1129466
1129882
1130314
1130735
1131140
1131555
1131972
1132376
1132780
1133165
1133551
1133951
1134322
1134712
1135116
1135528
1135920
1136326
1136737
1137137
1137539
1137950
1138354
1138738
1139119
1139516
1139927
1140346
1140752
1141170
1141602
1142027
1142446
1142875
1143301
1143709
1144122
1144538
1144939
1145343
1145751
1146157
1146562
1146986
1147415
1147820
1148233
1148647
1149048
1149431
1149826
1150222
1150615
1150995
1151388
1151791
1152194
1152587
1152975
1153365
1153751
1154121
1154488
1154852
1155200
1155568
1155941
1156298
1156662
1157040
1157434
1157820
1158219
1158636
1159050
1159458
1159890
1160323
1160728
1161143
1161562
1161968
1162353
1162716
1163090
1163474
1163864
1164233
1164615
1165006
1165401
1165784
1166186
1166604
1167014
1167431
1167865
1168291
1168719
1169155
1169591
1170014
1170443
1170883
1171305
1171735
1172168
1172592
1173023
1173461
1173888
1174308
1174738
1175172
1175584
1176004
1176433
1176845
1177239
1177645
1178059
1178482
1178904
1179331
1179774
1180227
1180650
1181059
1181473
1181911
1182367
1182835
1183291
1183729
1184179
1184641
1185110
1185553
1186001
1186450
1186897
1187319
1187753
1188198
1188644
1189070
1189516
1189973
1190429
1190882
1191344
1191810
1192258
1192719
1193193
1193641
1194099
1194557
1195006
1195450
1195898
1196344
1196764
1197195
1197633
1198072
1198490
1198924
1199364
1199798
1200238
1200680
1201117
1201531
1201957
1202394
1202806
1203228
1203658
1204082
1204499
1204925
1205356
1205768
1206179
1206607
1207056
1207487
1207925
1208379
1208837
1209272
1209707
1210153
1210596
1211022
1211456
1211908
1212363
1212802
1213224
1213668
1214124
1214567
1215001
1215460
1215928
1216382
1216829
1217288
1217753
1218204
1218662
1219126
1219603
1220050
1220501
1220961
1221415
1221848
1222285
1222739
1223203
1223642
1224083
1224540
1225005
1225445
1225894
1226357
1226816
1227248
1227690
1228143
1228590
1229025
1229466
1229915
1230350
1230762
1231169
1231581
1232022
1232495
1232980
1233463
1233924
1234362
1234792
1235226
1235676
1236136
1236602
1237069
1237518
1237941
1238370
1238810
1239264
1239714
