195
591
985
1377
1773
2171
2567
2966
3354
3736
4117
4499
4893
5287
5681
6072
6459
6837
7211
7579
7953
8342
8737
9115
9480
9862
10244
10621
10989
11353
11727
12107
12494
12890
13279
13669
14067
14472
14894
15339
15787
16232
16665
17074
17466
17847
18235
18641
19061
19477
19892
20305
20723
21145
21569
21992
22405
22806
23198
23588
23989
24408
24844
25287
25726
26157
26572
26975
27379
27790
28229
28685
29156
29613
30058
30499
30929
31346
31748
32141
32518
32904
33304
33730
34176
34628
35085
35534
35973
36398
36811
37222
37632
38053
38486
38926
39361
39772
40168
40551
40934
41335
41768
42215
42667
43114
43561
43994
44423
44835
45233
45621
46000
46376
46762
47163
47574
47991
48415
48850
49285
49720
50147
50564
50970
51369
51758
52149
52539
52925
53321
53734
54167
54614
55056
55485
55891
56285
56683
57080
57468
57850
58223
58591
58951
59302
59650
60002
60380
60783
61194
61607
62025
62444
62871
63296
63711
64110
64501
64884
65260
65634
66011
66392
66784
67191
67589
67986
68389
68798
69205
69604
69989
70368
70741
71116
71487
71859
72243
72637
73041
73436
73840
74251
74669
75075
75472
75875
76280
76688
77091
77484
77873
78266
78664
79069
79465
79850
80233
80622
81023
81431
81844
82260
82674
83093
83509
83923
84338
84760
85197
85643
86095
86542
86984
87421
87838
88239
88637
89039
89463
89906
90334
90772
91211
91652
92077
92484
92890
93295
93702
94113
94532
94960
95385
95811
96246
96679
97105
97519
97938
98364
98791
99204
99614
100028
100444
100851
101252
101658
102065
102478
102890
103301
103712
104129
104541
104958
105376
105791
106189
106589
106985
107379
107778
108183
108588
108995
109408
109825
110245
110655
111055
111464
111878
112293
112701
113110
113525
113964
114402
114866
115313
115732
116126
116501
116865
117231
117601
117974
118352
118746
119166
119589
120010
120428
120864
121335
121838
122299
122742
123186
123621
124035
124432
124818
125183
125546
125910
126296
126714
127170
127649
128152
128670
129165
129658
130131
130579
131004
131418
131823
132223
132615
133011
133430
133894
134347
134794
135250
135702
136149
136592
137028
137456
137873
138291
138721
139155
139591
140025
140452
140866
141284
141694
142079
142450
142828
143200
143579
143967
144365
144766
145159
145554
145957
146366
146780
147186
147588
147982
148362
148735
149110
149489
149889
150289
150686
151100
151519
151945
152357
152764
153164
153553
153929
154305
154686
155090
155516
155942
156380
156829
157280
157713
158142
158566
158978
159378
159772
160172
160571
160975
161388
161804
162219
162636
163067
163512
163958
164398
164842
165284
165715
166134
166557
166973
167374
167765
168157
168562
168976
169386
169800
170219
170642
171053
171458
171867
172294
172734
173178
173611
174024
174431
174841
175249
175661
176067
176487
176921
177370
177826
178287
178753
179218
179668
180099
180522
180946
181364
181774
182190
182621
183061
183487
183899
184311
184732
185158
185574
185981
186373
186760
187147
187537
187920
188300
188682
189083
189499
189915
190322
190719
191110
191498
191889
192286
192676
193067
193464
193882
194305
194725
195152
195582
196010
196431
196851
197273
197696
198113
198533
198956
199385
199805
200226
200657
201089
201519
201961
202409
202853
203286
203693
204097
204509
204930
205348
205748
206140
206528
206919
207323
207725
208132
208547
208966
209375
209778
210178
210580
210985
211389
211794
212205
212617
213019
213424
213829
214240
214643
215043
215443
215848
216252
216645
217037
217433
217832
218233
218622
219007
219400
219801
220195
220597
221006
221425
221837
222242
222643
223040
223435
223824
224223
224628
225038
225440
225848
226265
226685
227092
227483
227865
228248
228631
229008
229386
229774
230186
230620
231048
231465
231883
232304
232711
233100
233484
233873
234275
234686
235092
235495
235896
236296
236690
237076
237453
237827
238204
238610
239012
239408
239793
240170
240536
240891
241237
241574
241907
242244
242602
242991
243413
243847
244289
244738
245195
245643
246092
246513
246930
247340
247753
248162
248571
248986
249404
249819
250243
250667
251090
251500
251900
252296
252693
253079
253449
253821
254201
254590
254984
255372
255759
256155
256552
256955
257359
257760
258160
258574
258988
259394
259798
260202
260603
260997
261380
261769
262165
262569
262969
263366
263754
264141
264532
264922
265307
265695
266087
266483
266877
267270
267667
268074
268469
268858
269241
269631
270021
270409
270794
271179
271563
271951
272331
272713
273095
273482
273860
274241
274626
275004
275380
275765
276155
276543
276929
277318
277717
278107
278495
278875
279258
279651
280049
280445
280838
281216
281586
281952
282322
282707
283114
283527
283940
284345
284740
285124
285509
285895
286289
286685
287080
287474
287882
288301
288726
289139
289548
289951
290347
290742
291130
291518
291902
292291
292689
293094
293494
293893
294293
294692
295081
295465
295849
296241
296640
297040
297439
297839
298242
298642
299038
299432
299823
300214
300602
300995
301396
301802
302205
302598
302985
303379
303777
304180
304582
304975
305357
305736
306126
306522
306926
307328
307723
308116
308509
308907
309304
309691
310066
310431
310796
311165
311536
311916
312306
312714
313124
313526
313928
314329
314725
315114
315503
315896
316299
316693
317092
317486
317877
318268
318651
319025
319409
319806
320213
320620
321022
321430
321841
322240
322629
323011
323393
323770
324137
324500
324873
325264
325671
326072
326467
326868
327274
327676
328081
328472
328851
329232
329612
329997
330378
330761
331154
331558
331958
332350
332744
333145
333539
333928
334321
334723
335126
335519
335908
336303
336702
337100
337494
337905
338330
338761
339187
339600
340017
340425
340818
341204
341601
342007
342420
342828
343233
343636
344049
344466
344881
345293
345704
346125
346549
346962
347375
347787
348201
348602
349002
349406
349829
350269
350704
351148
351591
352014
352430
352841
353248
353639
354022
354412
354816
355246
355677
356096
356508
356916
357318
357709
358092
358467
358846
359235
359635
360044
360453
360848
361238
361621
362006
362392
362780
363172
363571
363980
364394
364795
365197
365590
365980
366360
366731
367102
367473
367849
368223
368598
368981
369382
369789
370196
370596
370999
371404
371813
372211
372595
372986
373380
373773
374161
374540
374931
375337
375753
376170
376586
377011
377433
377853
378260
378660
379061
379459
379857
380258
380666
381092
381519
381936
382355
382780
383201
383614
384032
384458
384881
385296
385699
386112
386527
386942
387347
387740
388131
388530
388936
389348
389757
390166
390574
390987
391387
391779
392169
392569
392972
393372
393766
394166
394567
394972
395385
395787
396182
396582
396986
397390
397793
398190
398590
398993
399387
399768
400142
400522
400912
401309
401703
402101
402507
402914
403314
403701
404084
404464
404840
405218
405587
405955
406334
406729
407128
407527
407922
408317
408719
409121
409517
409908
410295
410682
411076
411475
411872
412273
412684
413099
413507
413907
414303
414707
415119
415541
415954
416362
416775
417183
417596
417995
418388
418790
419197
419607
420009
420414
420817
421233
421644
422064
422487
422907
423308
423700
424089
424478
424867
425246
425622
426014
426410
426822
427231
427627
428027
428426
428823
429210
429583
429950
430319
430692
431083
431484
431890
432289
432687
433082
433473
433862
434245
434620
434993
435380
435779
436184
436594
436992
437383
437766
438147
438536
438923
439312
439701
440102
440514
440946
441372
441786
442184
442570
442950
443323
443688
444056
444435
444842
445263
445682
446096
446516
446933
447344
447741
448123
448498
448874
449260
449649
450038
450419
450791
451167
451555
451965
452371
452786
453209
453633
454038
454440
454848
455253
455658
456050
456440
456841
457247
457652
458050
458439
458834
459228
459623
460019
460406
460787
461168
461561
461958
462356
462747
463129
463518
463913
464321
464725
465117
465503
465885
466264
466646
467027
467406
467790
468180
468575
468975
469381
469785
470183
470570
470945
471323
471703
472086
472467
472842
473222
473607
473994
474376
474757
475144
475540
475927
476311
476695
477083
477474
477865
478255
478645
479044
479450
479849
480238
480635
481046
481459
481867
482278
482689
483097
483496
483886
484277
484675
485078
485489
485890
486281
486674
487077
487483
487887
488280
488658
489023
489384
489749
490125
490503
490878
491254
491647
492046
492442
492827
493209
493590
493968
494341
494705
495075
495449
495830
496209
496581
496956
497341
497730
498123
498505
498878
499239
499590
499935
500280
500626
500978
501330
501685
502063
502487
502911
503329
503751
504174
504573
504944
505300
505644
505986
506335
506678
507018
507352
507683
508034
508411
508798
509186
509582
509987
510397
510790
511167
511538
511914
512293
512658
513014
513384
513772
514157
514525
514885
515242
515608
515998
516395
516785
517170
517549
517921
518286
518649
519011
519376
519747
520130
520527
520935
521367
521810
522244
522657
523056
523448
523839
524229
524623
525014
525406
525809
526211
526601
526982
527364
527743
528117
528486
528856
529232
529494
530002
530382
530757
531125
531487
531841
532188
532533
532879
533230
533583
533935
534298
534677
535065
535450
535836
536215
536585
536951
537316
537678
538029
538382
538743
539115
539487
539853
540221
540587
540961
541341
541726
542109
542481
542844
543198
543547
543896
544259
544633
545018
545416
545832
546259
546676
547085
547487
547885
548272
548654
549038
549423
549809
550190
550569
550958
551363
551771
552164
552553
552940
553332
553718
554097
554475
554847
555215
555581
555950
556329
556724
557118
557508
557897
558286
558666
559036
559405
559783
560173
560568
560952
561329
561708
562085
562464
562832
563195
563564
563942
564328
564710
565083
565449
565823
566206
566612
567025
567442
567868
568287
568697
569097
569485
569869
570248
570619
570992
571368
571750
572130
572505
572885
573278
573674
574062
574436
574811
575184
575558
575920
576275
576627
576982
577345
577712
578079
578445
578810
579166
579516
579865
580220
580583
580947
581300
581651
582005
582361
582714
583063
583417
583783
584159
584536
584904
585277
585646
586009
586365
586715
587072
587432
587793
588153
588512
588878
589245
589610
589973
590348
590721
591095
591469
591850
592232
592615
592987
593353
593722
594096
594479
594859
595240
595625
596012
596394
596767
597145
597529
597911
598286
598652
599021
599392
599771
600153
600537
600924
601309
601705
602103
602507
602911
603307
603691
604067
604449
604834
605216
605596
605983
606366
606752
607140
607520
607894
608262
608636
609026
609419
609814
610209
610597
610981
611358
611730
612095
612460
612828
613208
613589
613975
614376
614789
615199
615598
615994
616385
616763
617138
617500
617853
618210
618585
618977
619384
619796
620213
620628
621043
621443
621835
622220
622606
622989
623366
623760
624161
624569
624969
625368
625779
626216
626655
627089
627528
627953
628359
628743
629121
629509
629912
630324
630739
631148
631544
631924
632311
632700
633095
633497
633897
634309
634736
635167
635595
636013
636435
636856
637278
637686
638095
638508
638934
639375
639830
640288
640730
641139
641516
641894
642272
642653
643049
643483
643916
644352
644800
645259
645709
646137
646548
646953
647348
647729
648107
648490
648894
649301
649705
650113
650531
650943
651349
651745
652147
652546
652951
653345
653731
654111
654499
654895
655320
655751
656185
656616
657045
657484
657922
658349
658759
659168
659578
659991
660404
660825
661256
661693
662120
662531
662946
663368
663793
664207
664609
665019
665433
665868
666287
666698
667104
667536
668007
668473
668934
669365
669789
670211
670633
671052
671468
671896
672337
672788
673228
673668
674124
674587
675049
675496
675939
676375
676801
677228
677673
678128
678577
679030
679477
679926
680352
680760
681157
681550
681929
682300
682671
683055
683459
683878
684295
684702
685110
685522
685934
686344
686755
687179
687622
688078
688520
688953
689385
689813
690232
690643
691068
691498
691938
692378
692840
693310
693767
694206
694638
695073
695507
695941
696361
696784
697215
697666
698113
698543
698987
699433
699875
700303
700707
701100
701504
701930
702375
702812
703249
703690
704133
704570
704994
705418
705839
706259
706669
707084
707503
707923
708341
708778
709234
709688
710134
710573
711007
711419
711810
712190
712562
712932
713295
713650
714000
714352
714721
715115
715551
715988
716422
716850
717260
717666
718078
718490
718893
719280
719659
720038
720420
720803
721189
721587
722005
722443
722887
723323
723778
724231
724679
725105
725519
725938
726351
726754
727148
727532
727921
728320
728728
729135
729372
729586
730031
730460
730875
731278
731668
732052
732424
732793
733162
733530
733907
734309
734753
735226
735703
736181
736645
737084
737503
737906
738302
738694
739093
739493
739900
740304
740706
741097
741483
741875
742292
742728
743180
743628
744057
744470
744875
745277
745677
746081
746479
746871
747271
747667
748072
748477
748879
749281
749672
750054
750430
750812
751201
751606
752019
752426
752817
753190
753549
753900
754241
754577
754916
755274
755691
756145
756597
757025
757445
757859
758265
758661
759043
759410
759769
760117
760460
760805
761156
761505
761859
762213
762567
762917
763262
763605
763958
764326
764720
765109
765492
765870
766249
766629
767008
767390
767763
768127
768486
768846
769235
769650
770088
770531
770973
771405
771831
772252
772675
773094
773515
773947
774379
774799
775204
775600
775993
776396
776812
777219
777618
778009
778401
778799
779208
779614
780011
780401
780777
781142
781507
781872
782248
782630
783013
783391
783769
784157
784555
784952
785338
785715
786090
786466
786844
787232
787619
788002
788377
788753
789124
789498
789875
790246
790611
790971
791325
791681
792037
792399
792784
793192
793602
794007
794401
794789
795165
795530
795885
796233
796577
796927
797279
797641
798003
798362
798712
799059
799404
799755
800119
800497
800888
801268
801640
802002
802359
802704
803041
803379
803733
804101
804475
804854
805237
805617
805994
806368
806745
807131
807534
807957
808393
808835
809270
809701
810125
810544
810942
811327
811714
812107
812519
812934
813342
813734
814128
814526
814926
815329
815719
816093
816455
816816
817188
817568
817961
818358
818751
819135
819518
819901
820288
820676
821071
821472
821883
822292
822701
823099
823486
823876
824282
824707
825130
825551
825961
826370
826777
827179
827569
827953
828333
828721
829115
829501
829878
830254
830629
831008
831388
831773
832178
832603
833028
833453
833877
834294
834693
835082
835465
835855
836249
836645
837048
837456
837864
838266
838671
839081
839496
839907
840307
840689
841066
841445
841836
842231
842631
843044
843465
843892
844309
844729
845149
845565
845982
846398
846814
847228
847633
848042
848451
848850
849244
849628
850020
850424
850841
851255
851665
852063
852452
852842
853239
853642
854043
854445
854839
855235
855640
856051
856458
856873
857291
857704
858107
858508
858907
859305
859696
860080
860459
860838
861226
861619
862011
862396
862776
863146
863513
863872
864223
864569
864918
865281
865675
866084
866495
866892
867286
867675
868057
868435
868801
869155
869504
869851
870205
870565
870926
871280
871632
871981
872328
872690
873066
873432
873794
874148
874500
874850
875208
875571
875945
876318
876689
877055
877417
877774
878134
878512
878915
879333
879750
880159
880552
880931
881294
881644
881994
882340
882694
883071
883479
883902
884324
884744
885156
885560
885959
886349
886718
887082
887438
887794
888153
888520
888897
889273
889642
889996
890344
890694
891058
891445
891846
892241
892624
893005
893386
893769
894147
894514
894877
895241
895603
895963
896322
896688
897070
897473
897869
898259
898648
899036
899416
899780
900138
900500
900862
901232
901599
901960
902321
902685
903059
903428
903797
904163
904524
904889
905272
905658
906041
906427
906820
907210
907591
907963
908331
908700
909069
909436
909803
910176
910560
910970
911391
911820
912266
912716
913186
913631
914070
914498
914910
915303
915689
916076
916464
916843
917222
917600
917998
918414
918827
919226
919622
920020
920420
920816
921207
921585
921957
922333
922705
923076
923457
923857
924290
924716
925136
925540
925926
926291
926643
926989
927338
927694
928067
928432
928796
929160
929528
929900
930268
930628
931016
931433
931857
932279
932687
933081
933458
933831
934200
934579
934983
935407
935843
936281
936714
937134
937541
937936
938319
938696
939074
939469
939890
940328
940760
941174
941582
941978
942368
942745
943116
943488
943859
944238
944620
945015
945427
945855
946280
946700
947117
947531
947932
948325
948714
949098
949469
949826
950180
950538
950914
951317
951727
952125
952514
952901
953291
953677
954060
954429
954778
955120
955464
955799
956134
956470
956818
957191
957579
957979
958372
958781
959192
959617
960040
960432
960806
961176
961536
961887
962226
962558
962886
963220
963585
963973
964362
964750
965146
965549
965964
966385
966799
967210
967608
967990
968369
968751
969139
969529
969925
970330
970747
971180
971607
972031
972462
972900
973347
973779
974189
974588
974984
975381
975778
976169
976557
976947
977350
977754
978147
978540
978935
979333
979722
980105
980483
980860
981241
981629
982016
982390
982764
983150
983545
983940
984332
984704
985068
985429
985787
986143
986505
986867
987232
987607
987992
988399
988816
989232
989649
990061
990475
990878
991276
991675
992076
992484
992882
993279
993682
994095
994524
994960
995408
995851
996276
996693
997095
997488
997867
998230
998589
998952
999328
999721
1000123
1000527
1000932
1001329
1001723
1002108
1002480
1002848
1003215
1003590
1003979
1004375
1004770
1005175
1005582
1005983
1006377
1006768
1007153
1007544
1007931
1008310
1008691
1009078
1009487
1009894
1010303
1010713
1011129
1011541
1011955
1012360
1012750
1013131
1013505
1013877
1014243
1014608
1014981
1015378
1015797
1016226
1016656
1017091
1017515
1017922
1018321
1018711
1019091
1019464
1019828
1020193
1020572
1020972
1021384
1021780
1022154
1022532
1022909
1023273
1023633
1023991
1024359
1024752
1025169
1025592
1026001
1026398
1026784
1027170
1027570
1027980
1028397
1028825
1029259
1029704
1030128
1030541
1030946
1031352
1031757
1032149
1032535
1032919
1033309
1033699
1034082
1034473
1034875
1035276
1035681
1036085
1036489
1036875
1037244
1037600
1037953
1038304
1038657
1039017
1039392
1039769
1040133
1040490
1040845
1041202
1041565
1041927
1042295
1042664
1043029
1043395
1043756
1044118
1044492
1044895
1045342
1045798
1046244
1046680
1047112
1047523
1047916
1048294
1048654
1049002
1049344
1049681
1050015
1050358
1050720
1051118
1051547
1051967
1052375
1052773
1053159
1053530
1053898
1054256
1054606
1054949
1055299
1055653
1056021
1056395
1056767
1057128
1057478
1057818
1058151
1058484
1058825
1059191
1059575
1059951
1060320
1060678
1061031
1061388
1061748
1062113
1062475
1062838
1063200
1063568
1063946
1064326
1064699
1065068
1065431
1065793
1066156
1066519
1066879
1067246
1067619
1068002
1068395
1068786
1069167
1069534
1069896
1070255
1070612
1070969
1071326
1071682
1072046
1072426
1072828
1073243
1073654
1074052
1074437
1074820
1075193
1075556
1075910
1076259
1076610
1076963
1077325
1077685
1078046
1078395
1078733
1079067
1079403
1079738
1080068
1080396
1080735
1081098
1081514
1081943
1082356
1082752
1083140
1083524
1083908
1084284
1084646
1084999
1085344
1085693
1086049
1086421
1086793
1087161
1087532
1087908
1088290
1088677
1089068
1089456
1089829
1090189
1090537
1090879
1091221
1091569
1091939
1092314
1092695
1093074
1093458
1093852
1094256
1094666
1095063
1095443
1095809
1096160
1096504
1096855
1097210
1097595
1097987
1098369
1098758
1099161
1099565
1099961
1100344
1100716
1101086
1101451
1101811
1102166
1102514
1102862
1103216
1103572
1103929
1104295
1104668
1105049
1105433
1105809
1106170
1106521
1106868
1107219
1107572
1107931
1108295
1108659
1109020
1109381
1109750
1110126
1110505
1110885
1111270
1111651
1112029
1112397
1112755
1113106
1113453
1113801
1114157
1114527
1114903
1115273
1115637
1116000
1116366
1116736
1117110
1117479
1117846
1118214
1118587
1118962
1119336
1119698
1120054
1120401
1120748
1121098
1121455
1121811
1122175
1122555
1122949
1123348
1123746
1124142
1124530
1124904
1125259
1125603
1125946
1126297
1126661
1127027
1127391
1127757
1128139
1128535
1128928
1129315
1129696
1130071
1130441
1130798
1131146
1131489
1131837
1132197
1132578
1132966
1133347
1133722
1134093
1134465
1134828
1135190
1135555
1135925
1136305
1136695
1137082
1137469
1137857
1138237
1138606
1138960
1139312
1139667
1140033
1140413
1140801
1141186
1141576
1141974
1142373
1142759
1143132
1143503
1143869
1144237
1144601
1144956
1145316
1145684
1146073
1146473
1146863
1147245
1147625
1148002
1148368
1148725
1149075
1149423
1149779
1150151
1150542
1150938
1151326
1151716
1152103
1152486
1152857
1153216
1153570
1153924
1154281
1154652
1155032
1155409
1155786
1156168
1156556
1156944
1157322
1157690
1158054
1158421
1158796
1159175
1159552
1159927
1160302
1160683
1161062
1161434
1161803
1162175
1162556
1162947
1163339
1163719
1164087
1164446
1164808
1165184
1165565
1165954
1166349
1166739
1167122
1167490
1167847
1168196
1168538
1168875
1169205
1169530
1169849
1170162
1170468
1170771
1171068
1171364
1171669
1172052
1172552
1173006
1173483
1173972
1174447
1174914
1175360
1175774
1176157
1176520
1176878
1177229
1177578
1177919
1178259
1178604
1178967
1179335
1179699
1180074
1180452
1180832
1181204
1181564
1181913
1182264
1182618
1182976
1183334
1183683
1184024
1184359
1184693
1185037
1185388
1185748
1186111
1186480
1186843
1187214
1187587
1187956
1188326
1188697
1189065
1189429
1189792
1190152
1190518
1190894
1191273
1191655
1192042
1192431
1192815
1193196
1193570
1193949
1194331
1194719
1195114
1195497
1195866
1196227
1196590
1196963
1197346
1197734
1198119
1198502
1198884
1199272
1199674
1200082
1200480
1200874
1201267
1201659
1202052
1202437
1202816
1203196
1203577
1203964
1204351
1204734
1205113
1205491
1205879
1206266
1206660
1207055
1207451
1207845
1208230
1208608
1208986
1209350
1209713
1210077
1210445
1210812
1211179
1211544
1211917
1212300
1212691
1213077
1213457
1213831
1214201
1214564
1214918
1215264
1215610
1215967
1216347
1216734
1217116
1217497
1217882
1218265
1218641
1219001
1219351
1219705
1220062
1220420
1220774
1221131
1221493
1221862
1222239
1222608
1222966
1223317
1223674
1224033
1224393
1224745
1225092
1225435
1225785
1226145
1226515
1226906
1227306
1227711
1228107
1228493
1228860
1229218
1229569
1229915
1230259
1230597
1230933
1231270
1231613
1231975
1232371
1232781
1233177
1233567
1233961
1234356
1234754
1235145
1235530
1235914
1236292
1236667
1237041
1237413
1237785
1238158
1238547
1238950
1239352
1239758
