217
576
947
1314
1660
2020
2374
2718
3057
3404
3755
4094
4468
4848
5213
5563
5910
6256
6588
6913
7251
7591
7936
8273
8601
8929
9261
9596
9921
10239
10558
10889
11216
11536
11864
12193
12519
12836
13156
13484
13818
14145
14476
14806
15148
15476
15809
16146
16486
16816
17156
17498
17833
18165
18500
18839
19180
19519
19854
20202
20539
20876
21219
21565
21899
22233
22573
22922
23277
23618
23973
24338
24704
25052
25397
25748
26110
26471
26813
27169
27527
27908
28274
28625
28989
29359
29731
30086
30458
30844
31218
31584
31957
32324
32695
33054
33427
33812
34186
34556
34932
35318
35692
36063
36444
36810
37201
37594
37964
38323
38680
39046
39411
39790
40189
40595
40997
41368
41754
42133
42492
42859
43233
43618
44004
44408
44813
45203
45609
46017
46401
46783
47173
47558
47929
48316
48716
49105
49504
49893
50265
50619
50974
51340
51714
52083
52470
52868
53238
53620
54009
54388
54753
55122
55483
55839
56190
56557
56936
57310
57694
58088
58474
58840
59209
59592
59959
60322
60694
61079
61452
61831
62219
62609
62977
63360
63743
64112
64486
64862
65229
65613
66015
66429
66822
67226
67618
67987
68358
68736
69121
69492
69879
70279
70666
71042
71429
71820
72192
72574
72961
73328
73685
74051
74425
74785
75156
75543
75929
76310
76704
77097
77462
77829
78196
78566
78923
79285
79645
80003
80351
80718
81107
81483
81862
82249
82636
83015
83377
83746
84126
84500
84876
85265
85669
86062
86453
86845
87245
87631
88019
88418
88825
89217
89616
90024
90440
90837
91226
91621
92024
92420
92798
93195
93601
93992
94381
94765
95159
95536
95907
96291
96687
97068
97464
97868
98274
98649
99037
99427
99810
100167
100513
100864
101217
101551
101883
102232
102607
102974
103333
103706
104080
104443
104790
105142
105497
105849
106184
106525
106877
107247
107602
107972
108348
108732
109097
109455
109816
110179
110530
110884
111246
111608
111970
112324
112685
113048
113407
113770
114149
114538
114910
115272
115642
116006
116350
116691
117042
117403
117757
118107
118468
118833
119192
119552
119915
120272
120617
120955
121290
121612
121928
122246
122559
122865
123164
123470
123785
124101
124410
124730
125057
125406
125749
126083
126424
126776
127117
127454
127796
128139
128493
128837
129182
129536
129894
130243
130602
130973
131344
131694
132051
132411
132769
133122
133488
133870
134239
134607
134973
135351
135709
136077
136460
136843
137211
137573
137944
138327
138700
139084
139472
139856
140211
140571
140934
141293
141631
141971
142312
142653
142995
143360
143737
144122
144498
144894
145287
145662
146041
146421
146790
147149
147519
147887
148255
148611
148974
149334
149687
150032
150384
150741
151088
151433
151785
152149
152506
152860
153217
153579
153929
154274
154624
154977
155317
155661
156011
156366
156712
157053
157388
157724
158048
158378
158723
159085
159450
159829
160222
160617
160994
161367
161737
162113
162472
162835
163210
163594
163976
164355
164727
165095
165451
165805
166164
166535
166885
167213
167533
167855
168169
168491
168800
169120
169447
169759
170078
170403
170979
171411
171768
172124
172473
172815
173155
173500
173850
174197
174554
174932
175306
175675
176052
176437
176824
177206
177594
177985
178360
178729
179101
179476
179843
180205
180566
180936
181314
181674
182040
182417
182799
183161
183514
183874
184240
184604
184977
185356
185736
186091
186454
186819
187183
187533
187886
188245
188606
188954
189302
189658
190021
190390
190747
191118
191502
191895
192270
192644
193026
193419
193799
194183
194573
194967
195345
195724
196102
196466
196841
197226
197598
197960
198328
198688
199041
199390
199743
200083
200411
200741
201084
201418
201753
202099
202456
202826
203189
203564
203949
204339
204711
205092
205471
205849
206213
206585
206969
207347
207706
208065
208435
208818
209197
209556
209927
210311
210692
211043
211386
211738
212096
212460
212820
213190
213560
213921
214256
214591
214935
215293
215660
216019
216386
216763
217141
217509
217878
218251
218627
218994
219383
219782
220175
220551
220915
221283
221653
222014
222370
222739
223117
223492
223861
224239
224622
225002
225372
225749
226130
226498
226858
227214
227579
227951
228311
228679
229062
229453
229828
230212
230593
230979
231346
231713
232079
232448
232801
233162
233526
233886
234230
234576
234931
235296
235650
236008
236380
236767
237142
237496
237857
238216
238568
238906
239245
239592
239945
240296
240652
241015
241392
241767
242133
242506
242887
243259
243626
244009
244389
244760
245115
245470
245833
246207
246568
246935
247312
247692
248050
248413
248786
249165
249530
249917
250316
250710
251095
251479
251880
252274
252647
253035
253426
253796
254171
254554
254933
255286
255642
256000
256346
256683
257021
257368
257705
258035
258380
258728
259071
259390
259706
260035
260354
260660
260971
261292
261626
261966
262301
262636
262985
263344
263714
264072
264435
264809
265201
265579
265949
266338
266729
267121
267492
267879
268280
268683
269072
269470
269867
270254
270613
270984
271358
271739
272108
272483
272869
273249
273614
273982
274357
274738
275098
275467
275840
276224
276590
276967
277347
277723
278080
278441
278810
279192
279563
279934
280316
280709
281082
281456
281829
282202
282558
282908
283267
283656
284062
284448
284850
285259
285660
286038
286410
286800
287210
287601
287978
288360
288748
289131
289510
289898
290283
290644
290998
291353
291718
292056
292396
292755
293128
293504
293894
294293
294696
295071
295454
295844
296233
296611
296997
297397
297786
298155
298529
298910
299306
299683
300063
300450
300847
301228
301621
302018
302413
302783
303162
303546
303914
304253
304875
305200
305550
305924
306300
306665
307039
307412
307784
308138
308479
308814
309147
309479
309794
310115
310454
310811
311184
311556
311930
312311
312693
313063
313436
313822
314210
314585
314957
315332
315703
316056
316405
316751
317105
317472
317833
318203
318593
318992
319384
319758
320135
320511
320876
321231
321585
321935
322263
322580
322896
323230
323573
323910
324246
324594
324955
325323
325661
325985
326297
326607
326918
327225
327521
327814
328115
328441
328782
329146
329495
329842
330196
330553
330922
331292
331642
331990
332345
332707
333071
333419
333772
334131
334491
334837
335178
335520
335867
336211
336557
336915
337279
337648
338019
338392
338778
339145
339500
339854
340216
340574
340946
341333
341715
342083
342462
342838
343224
343597
343981
344363
344749
345100
345454
345811
346176
346531
346884
347243
347605
347960
348314
348680
349057
349418
349783
350156
350538
350901
351275
351647
352014
352362
352700
353039
353364
353674
353978
354287
354613
354938
355250
355551
355846
356137
356421
356718
357028
357339
357645
357946
358249
358555
358883
359233
359584
359930
360288
360662
361046
361417
361787
362164
362539
362920
363276
363636
364000
364391
364771
365140
365512
365885
366239
366581
366929
367275
367620
367969
368325
368690
369071
369446
369824
370206
370589
370961
371320
371681
372064
372450
372818
373183
373562
373952
374322
374692
375075
375466
375837
376206
376586
376971
377346
377716
378103
378502
378883
379274
379679
380097
380499
380903
381313
381730
382137
382545
382961
383375
383774
384181
384593
385006
385400
385787
386180
386558
386915
387271
387608
387944
388296
388660
389021
389376
389739
390103
390450
390783
391125
391455
391781
392093
392409
392733
393076
393434
393779
394139
394514
394898
395260
395625
395984
396352
396709
397062
397411
397750
398072
398414
398766
399122
399467
399810
400159
400505
400837
401176
401522
401873
402219
402572
402932
403304
403665
404022
404369
404706
405019
405343
405677
406028
406383
406753
407139
407535
407908
408286
408661
409040
409406
409768
410142
410532
410916
411300
411685
412076
412450
412829
413214
413589
413974
414384
414785
415172
415553
415926
416284
416646
417025
417420
417812
418208
418616
419008
419383
419751
420117
420474
420828
421188
421557
421920
422292
422674
423053
423441
423853
424270
424665
425036
425405
425769
426121
426474
426844
427233
427606
427982
428331
428662
428989
429298
429598
429890
430186
430501
430836
431178
431511
431855
432206
432571
432914
433250
433589
433927
434269
434603
434940
435284
435640
435995
436339
436686
437049
437421
437779
438141
438513
438897
439270
439637
440002
440370
440724
441075
441437
441808
442170
442538
442917
443312
443694
444091
444494
444888
445263
445650
446052
446451
446843
447248
447655
448042
448430
448821
449209
449567
449922
450273
450616
450960
451314
451683
452059
452419
452789
453180
453579
453959
454348
454742
455133
455500
455867
456242
456620
456992
457379
457780
458180
458563
458947
459326
459687
460031
460379
460734
461089
461452
461826
462214
462580
462943
463317
463700
464096
464470
464847
465221
465584
465937
466290
466650
467025
467381
467747
468131
468533
468925
469311
469696
470078
470444
470812
471187
471561
471920
472290
472674
473080
473466
473861
474265
474667
475053
475453
475862
476258
476650
477040
477420
477782
478148
478525
478907
479279
479673
480071
480471
480841
481207
481571
481937
482295
482652
483021
483397
483769
484149
484542
484945
485324
485703
486074
486434
486781
487134
487494
487841
488178
488523
488862
489183
489504
489813
490145
490478
490803
491144
491504
491870
492217
492571
492930
493286
493621
493957
494299
494654
495014
495367
495741
496121
496509
496874
497245
497616
497998
498356
498725
499101
499478
499834
500203
500571
500941
501308
501689
502087
502462
502854
503238
503605
503980
504362
504729
505092
505458
505834
506189
506541
506897
507254
507599
507934
508281
508638
509009
509358
509681
510954
511313
511674
512030
512374
512716
513057
513407
513758
514096
514437
514792
515161
515534
515894
516251
516609
516972
517331
517680
518050
518433
518822
519203
519588
519973
520358
520723
521079
521437
521795
522144
522505
522871
523248
523608
523964
524320
524678
525033
525394
525764
526139
526507
526868
527239
527620
528002
528356
528706
529049
529390
529723
530037
530364
530702
531053
531406
531744
532079
532418
532760
533090
533429
533781
534143
534507
534857
535218
535572
535918
536240
536568
536903
537247
537585
537928
538285
538649
539010
539372
539736
540106
540465
540823
541189
541563
541939
542310
542685
543065
543432
543800
544174
544560
544934
545305
545669
546030
546380
546735
547102
547469
547818
548172
548514
548872
549224
549553
549904
550260
550618
550963
551318
551683
552055
552413
552762
553110
553463
553805
554127
554463
554806
555156
555515
555876
556251
556618
556986
557351
557720
558084
558435
558785
559136
559485
559814
560131
560434
560747
561073
561387
561705
562005
562301
562596
562889
563178
563480
563794
564125
564450
564768
565105
565451
565825
566196
566547
566905
567255
567605
567939
568280
568633
568988
569341
569699
570078
570466
570852
571224
571598
571969
572325
572670
573015
573371
573739
574092
574453
574822
575192
575553
575927
576309
576694
577058
577424
577790
578158
578511
578868
579232
579614
579974
580344
580719
581096
581448
581791
582133
582486
582845
583187
583542
583907
584280
584636
584998
585368
585737
586102
586458
586829
587195
587553
587907
588270
588652
589028
589394
589773
590131
590465
590780
591093
591407
591735
592065
592403
592761
593118
593461
593801
594144
594494
594846
595186
595536
595902
596274
596646
597010
597369
597730
598098
598454
598818
599189
599576
599959
600334
600717
601109
601497
601876
602250
602634
603025
603413
603787
604168
604564
604970
605351
605730
606109
606488
606864
607237
607613
608000
608389
608771
609178
609588
609990
610367
610738
611108
611487
611864
612217
612583
612963
613358
613736
614121
614517
614918
615297
615683
616067
616455
616828
617217
617614
618022
618417
618816
619234
619647
620041
620448
620864
621257
621646
622033
622422
622790
623165
623551
623944
624322
624717
625131
625537
625936
626340
626745
627128
627510
627893
628270
628631
628997
629370
629750
630111
630476
630848
631222
631581
631945
632310
632673
633020
633383
633775
634203
634608
635028
635452
635861
636249
636624
636984
637328
637660
637973
638286
638610
638936
639251
639584
639926
640293
640635
640977
641315
641640
641951
642256
642568
642885
643206
643515
643844
644190
644544
644893
645249
645618
645997
646385
646766
647164
647566
647964
648347
648736
649128
649514
649911
650323
650745
651144
651549
651970
652373
652749
653126
653512
653899
654262
654628
654987
655357
655721
656087
656454
656829
657200
657575
657967
658360
658738
659137
659543
659943
660334
660738
661142
661529
661908
662293
662693
663071
663439
663816
664192
664543
664884
665225
665576
665934
666285
666642
667025
667424
667810
668213
668620
669037
669433
669830
670241
670633
671034
671449
671859
672254
672651
673054
673458
673841
674245
674654
675041
675421
675799
676179
676549
676928
677321
677745
678149
678571
679009
679437
679849
680261
680674
681062
681462
681873
682274
682662
683061
683464
683849
684240
684643
685047
685427
685828
686247
686657
687076
687502
687930
688332
688742
689155
689563
689958
690362
690779
691171
691571
691976
692370
692741
693116
693483
693849
694195
694532
694869
695211
695545
695895
696258
696625
697662
698008
698345
698683
699029
699374
699703
700038
700707
701341
701661
701988
702329
702671
703007
703678
704012
704341
704666
705007
705357
705716
706073
706436
706815
707203
707577
707953
708349
708765
709157
709553
709961
710365
710748
711140
711543
711940
712318
712690
713064
713415
713752
714086
714420
714760
715101
715456
715809
716164
716509
716843
717164
717467
717767
718059
718347
718647
718956
719267
719575
719887
720209
720538
720888
721255
721625
721988
722332
722662
722983
723304
723613
723913
724212
724508
725408
725737
726090
726458
726824
727178
727516
727845
728162
728792
729111
729424
729736
730053
730709
731058
731415
731766
732474
732845
733215
733583
733979
734399
734821
735233
735645
736057
736462
736849
737240
737632
738016
738391
738779
739178
739570
739946
740329
740716
741091
741449
741812
742192
742595
742978
743383
743791
744191
744582
744986
745399
745790
746170
746562
746961
747341
747728
748129
748524
748907
749304
749703
750083
750471
750870
751262
751649
752054
752470
752861
753266
753670
754058
754433
754816
755203
755579
755971
756362
756746
757116
757482
757826
758150
759058
759375
759696
760008
760316
760621
760933
761241
761542
762133
762433
762729
763025
763316
763604
763887
764167
764449
764737
765032
765324
765633
765958
766299
766624
766942
767275
767608
767953
768279
768628
768965
769312
769649
769991
770340
770695
771041
771379
771716
772053
772375
772686
772991
773303
773607
773919
774245
774575
774903
775240
775591
775958
776328
776687
777054
777433
777815
778170
778507
778844
779178
779500
779833
780174
780516
780850
781195
781553
781916
782265
782609
782958
783315
783678
784029
784391
784763
785145
785512
785887
786266
786657
787024
787399
787774
788137
788491
788837
789183
789545
789899
790258
790645
791053
791440
791837
792246
792665
793057
793465
793878
794299
794691
795096
795512
795911
796316
796734
797158
797545
797940
798340
798731
799110
799490
799860
800207
800543
800872
801206
801547
801881
802210
802551
802897
803239
803584
803934
804300
804676
805054
805443
805842
806222
806609
807004
807396
807799
808212
808620
809008
809407
809803
810194
810562
810941
811320
811695
812053
812415
812773
813119
813452
813787
814134
814468
814781
815085
815394
815709
816031
816351
816673
817005
817347
817697
818034
818380
818738
819093
819438
819780
820130
820480
820821
821158
821508
821846
822175
822503
822851
823215
823591
823966
824371
824782
825182
825586
825995
826390
826769
827152
827540
827914
828293
828677
829060
829422
829776
830126
830468
830793
831118
831434
831755
832092
832421
832749
833091
833449
833816
834182
834536
834878
835228
835598
835965
836327
836693
837060
837435
837801
838167
838538
838922
839300
839659
840026
840395
840771
841129
841466
841791
842117
842424
842720
843024
843336
843657
843973
844281
844907
845227
845527
845839
846156
846493
846846
847196
847548
847918
848297
848655
849008
849367
849738
850109
850470
850833
851199
851575
851949
852324
852703
853096
853487
853862
854253
854640
855015
855370
855732
856094
856461
856811
857165
857512
857858
858194
858532
858878
859216
859537
859861
860200
860533
860861
861196
861538
861870
862187
862520
862857
863187
863511
863820
864137
864466
864784
865108
865442
865783
866100
866408
866716
867025
867361
867695
868020
868354
868705
869057
869403
869762
870119
870471
870808
871145
871483
871832
872174
872507
872858
873220
873598
873957
874304
874653
875008
875362
875703
876032
876341
876649
876957
877266
877573
877891
878211
878524
878832
879136
879440
879752
880073
880377
880661
880948
881227
881506
881782
882069
882356
882643
882936
883235
883543
883859
884172
884514
884868
885235
885596
885959
886330
886718
887096
887471
887850
888224
888575
888901
889217
889546
889912
890301
890688
891095
891505
891916
892307
892678
893045
893409
893766
894109
894453
894783
895107
895416
895728
896032
896358
896692
897037
897388
897745
898100
898424
898746
899058
899362
899658
899945
900229
900517
900820
901150
901499
901846
902221
902613
902999
903359
903721
904083
904458
904824
905182
905557
905949
906357
906745
907161
907575
907982
908374
908769
909177
909560
909923
910290
910652
910984
911315
911638
911972
912321
912655
912993
913350
913709
914051
914393
914742
915095
915441
915771
916100
916425
916746
917054
917370
917694
918030
918366
918720
919078
919437
919774
920119
920474
920820
921157
921507
921852
922202
922536
922861
923165
923470
923773
924065
924357
924644
924940
925231
925515
925803
926098
926390
926686
926969
927256
927536
927819
928102
928377
928923
929202
929486
929785
930082
930393
930715
931048
931382
931694
932011
932328
932660
932986
933302
933616
933936
934249
934552
934849
935149
935473
935786
936094
936403
936711
937011
937320
937640
937957
938282
938616
938961
939315
939649
939986
940336
940677
941007
941348
941685
942019
942348
942660
942977
943293
943606
943914
944231
944543
944851
945156
945472
945802
946114
946443
946781
947134
947476
947801
948126
948443
948739
949039
949339
949647
949976
950301
950647
950993
951342
951664
951997
952334
952684
953022
953363
953714
954081
954431
954768
955117
955460
955785
956114
956447
956773
957093
957398
957697
958006
958322
958651
958972
959318
959668
960019
960344
960686
961044
961402
961748
962107
962469
962832
963178
963532
963891
964236
964557
964878
965203
965528
965837
966150
966466
966799
967120
967441
967762
968096
968454
968784
969121
969462
969800
970121
970438
970750
971067
971379
971684
971976
972263
972830
973651
974446
974713
974988
975255
975522
975793
976063
976330
976596
976863
977142
977438
977767
978109
978435
978751
979084
979418
979780
980143
980505
980901
981293
981684
982076
982463
982834
983188
983534
983879
984230
984563
984892
985226
985563
985913
986251
986571
986888
987222
987559
987897
988242
988567
988893
989234
989567
989887
990213
990558
990909
991246
991567
991904
992233
992583
992929
993292
993662
994037
994391
994728
995070
995399
995725
996033
996329
996624
996916
997216
997529
997845
998145
998458
998758
999058
999353
999662
999986
1000333
1000678
1001029
1001391
1001754
1002112
1002466
1002808
1003154
1003483
1003812
1004142
1004471
1004800
1005117
1005429
1005737
1006046
1006367
1006696
1007042
1007379
1007720
1008046
1008367
1008687
1009012
1009337
1009670
1009991
1010316
1010637
1010954
1011408
1039039
1039325
1142569
1145848
1146443
1146850
1147254
1147653
1148057
1148467
1148871
1149266
1149653
1150054
1150465
1150882
1151295
1151716
1152132
1152547
1152946
1153355
1153775
1154205
1154617
1155060
1155522
1155976
1156396
1156810
1157239
1157668
1158070
1158485
1158923
1159338
1159732
1160135
1160547
1160939
1161331
1161728
1162123
1162507
1162899
1163286
1163649
1164015
1164386
1164760
1165124
1165499
1165889
1166274
1166648
1167036
1167429
1167803
1168181
1168560
1168935
1169294
1169662
1170031
1170380
1170743
1171094
1171443
1171797
1172159
1172506
1172855
1173221
1173605
1173967
1174338
1174713
1175089
1175450
1175808
1176167
1176541
1176904
1177275
1177646
1178025
1178387
1178774
1179171
1179563
1179941
1180328
1180727
1181132
1181533
1181928
1182291
1182632
1182970
1183328
1183724
1184128
1184533
1184933
1185296
1185641
1185990
1186361
1186760
1187169
1187581
1187958
1188324
1188691
1189090
1189519
1189940
1190332
1190723
1191124
1191557
1191998
1192398
1192797
1193206
1193628
1194053
1194453
1194839
1195223
1195613
1196017
1196432
1196826
1197194
1197551
1197922
1198318
1198735
1199152
1199547
1199906
1200255
1200606
1200985
1201388
1201796
1202198
1202579
1202938
1203296
1203662
1204050
1204441
1204813
1205167
1205520
1205884
1206279
1206680
1207088
1207492
1207859
1208208
1208546
1208886
1209249
1209640
1210021
1210413
1210800
1211082
1211413
1211726
1212123
1212601
1212949
1213269
1213754
1214030
1214464
1214869
1215482
1215764
1216057
1217122
1217593
1217952
1218289
1220888
1221245
1221505
1221768
1225460
1225712
1225992
1226954
1227405
1227689
1228008
1228275
1236696
1237233
1237746
1238042
