124
497
882
1265
1617
1986
2355
2731
3087
3462
3842
4212
4601
5002
5376
5741
6111
6489
6875
7269
7635
7971
8312
8657
9030
9411
9790
10185
10589
10985
11380
11788
12203
12622
13040
13445
13838
14210
14552
14912
15289
15690
16079
16459
16856
17271
17697
18112
18473
18846
19236
19641
20051
20474
20900
21275
21638
22029
22429
22842
23237
23633
24043
24462
24872
25282
25686
26073
26467
26865
27250
27617
27991
28371
28768
29171
29581
29998
30413
30842
31261
31641
32056
32483
32876
33238
33631
34054
34493
34934
35350
35789
36234
36683
37096
37491
37880
38265
38619
38952
39297
39658
40050
40470
40863
41265
41698
42163
42645
43117
43578
43983
44397
44814
45221
45632
46055
46481
46905
47331
47764
48201
48619
49046
49491
49920
50366
50819
51208
51611
52029
52474
52896
53322
53762
54216
54671
55078
55489
55921
56364
56821
57264
57692
58136
58594
59054
59524
59951
60376
60809
61245
61670
62108
62546
62967
63386
63794
64166
64553
64963
65377
65745
66131
66532
66948
67364
67759
68163
68570
68982
69363
69753
70158
70569
70961
71370
71799
72249
72697
73118
73540
73956
74362
74754
75119
75523
75933
76347
76758
77175
77596
77983
78387
78797
79215
79617
80012
80421
80831
81221
81619
82032
82453
82863
83259
83657
84057
84429
84797
85180
85576
85984
86387
86775
87176
87579
87953
88322
88717
89128
89544
89965
90375
90761
91160
91569
91978
92368
92778
93186
93552
93915
94310
94725
95143
95545
95962
96386
96811
97191
97558
97953
98355
98760
99165
99561
99935
100331
100736
101141
101540
101951
102356
102755
103159
103562
103968
104358
104746
105134
105500
105898
106310
106725
107113
107523
107937
108341
108742
109145
109534
109932
110336
110724
111098
111484
111884
112301
112719
113094
113482
113875
114269
114638
115001
115342
115695
116053
116414
116788
117134
117490
117855
118225
118604
118957
119289
119625
119967
120341
120765
121208
121628
122031
122455
122881
123315
123728
124098
124490
124888
125297
125677
126038
126419
126813
127209
127615
128026
128436
128833
129231
129632
130030
130423
130814
131211
131610
132007
132411
132782
133158
133535
133913
134283
134637
135007
135403
135815
136228
136619
137023
137435
137841
138227
138625
139028
139438
139845
140242
140645
141044
141437
141807
142198
142599
143006
143415
143790
144178
144566
144970
145336
145715
146103
146497
146894
147288
147666
148051
148431
148809
149169
149521
149873
150240
150611
150995
151393
151795
152160
152539
152925
153319
153720
154127
154538
154909
155300
155697
156105
156527
156935
157337
157748
158156
158557
158916
159295
159678
160065
160462
160838
161231
161618
161994
162358
162744
163141
163527
163930
164350
164751
165145
165563
165985
166408
166793
167204
167623
168038
168434
168827
169235
169653
170050
170453
170869
171285
171688
172083
172486
172864
173231
173605
173948
174309
174681
175067
175469
175853
176262
176669
177072
177470
177875
178285
178661
179040
179438
179833
180205
180611
181029
181447
181848
182251
182662
183075
183454
183843
184243
184656
185077
185466
185871
186282
186683
187075
187488
187908
188334
188727
189112
189513
189923
190339
190730
191140
191550
191918
192329
192758
193198
193614
194040
194471
194903
195335
195731
196146
196561
196954
197306
197693
198096
198512
198942
199375
199774
200171
200583
201000
201419
201843
202271
202696
203094
203494
203899
204302
204694
205086
205492
205893
206270
206660
207060
207459
207820
208211
208623
209042
209440
209848
210274
210699
211071
211434
211823
212217
212610
212965
213342
213739
214146
214552
214917
215290
215688
216095
216505
216909
217300
217705
218119
218537
218933
219293
219676
220073
220484
220897
221317
221700
222102
222513
222935
223361
223789
224205
224577
224985
225403
225826
226257
226694
227090
227514
227940
228364
228764
229158
229564
229971
230384
230757
231160
231572
231989
232412
232841
233224
233623
234025
234417
234779
235169
235561
235951
236309
236689
237082
237464
237827
238220
238624
239043
239441
239801
240190
240587
241002
241424
241853
242243
242655
243072
243496
243926
244319
244740
245161
245549
245930
246321
246720
247130
247550
247963
248324
248709
249104
249506
249921
250312
250712
251098
251478
251865
252232
252624
253023
253420
253791
254177
254571
254961
255309
255675
256053
256444
256821
257171
257551
257947
258349
258712
259088
259490
259902
260317
260690
261089
261500
261904
262274
262640
263034
263438
263850
264252
264628
265014
265402
265790
266167
266535
266924
267328
267736
268108
268472
268866
269267
269687
270114
270499
270888
271284
271660
272005
272368
272735
273112
273495
273869
274260
274652
275030
275408
275797
276190
276563
276948
277318
277688
278068
278442
278807
279150
279479
279820
280162
280509
280863
281203
281563
281940
282319
282699
283044
283414
283811
284229
284644
285026
285412
285809
286205
286565
286945
287336
287727
288117
288517
288889
289260
289646
290040
290418
290804
291199
291594
291965
292344
292730
293127
293518
293896
294289
294692
295105
295518
295890
296296
296704
297111
297493
297894
298292
298661
299050
299446
299798
300160
300529
300892
301241
301588
301953
302333
302671
303043
303443
303856
304276
304692
305106
305474
305850
306242
306644
307054
307452
307852
308258
308666
309051
309417
309805
310203
310602
310985
311348
311745
312153
312564
312969
313346
313755
314174
314592
315024
315457
315850
316272
316694
317120
317517
317908
318317
318746
319172
319580
319984
320415
320861
321303
321723
322138
322567
322998
323424
323821
324188
324583
324990
325418
325834
326231
326654
327085
327517
327949
328347
328747
329155
329572
329991
330388
330784
331194
331612
332007
332398
332816
333243
333653
334027
334427
334837
335254
335651
336034
336443
336857
337278
337702
338118
338507
338918
339339
339764
340193
340613
341012
341428
341837
342207
342605
343016
343424
343811
344229
344662
345095
345477
345874
346286
346715
347151
347579
347973
348387
348803
349190
349592
350005
350378
350779
351181
351572
351949
352307
352661
352995
353347
353705
354085
354478
354871
355217
355552
355903
356273
356671
357086
357492
357849
358252
358675
359123
359583
360047
360510
360974
361382
361791
362220
362654
363086
363516
363900
364308
364731
365154
365584
365991
366381
366786
367199
367618
368023
368443
368878
369318
369752
370170
370600
371032
371461
371880
372306
372728
373155
373570
373952
374370
374800
375242
375681
376107
376549
376991
377431
377869
378293
378715
379140
379567
379978
380398
380824
381228
381637
382053
382462
382861
383222
383618
384037
384461
384881
385272
385680
386088
386484
386879
387277
387680
388059
388438
388831
389225
389625
389993
390395
390803
391201
391559
391946
392340
392732
393096
393436
393796
394170
394566
394964
395332
395719
396114
396510
396897
397267
397650
398034
398426
398810
399164
399544
399925
400312
400671
401062
401460
401836
402210
402595
402987
403374
403760
404151
404546
404921
405279
405664
406069
406481
406862
407255
407653
408058
408436
408835
409241
409647
410031
410420
410822
411228
411622
412032
412437
412840
413210
413606
414000
414389
414741
415125
415525
415935
416346
416736
417112
417513
417914
418318
418698
419073
419460
419851
420245
420620
420989
421374
421773
422181
422554
422953
423357
423761
424129
424515
424896
425280
425651
426021
426410
426803
427198
427566
427948
428332
428717
429090
429452
429824
430200
430573
430952
431339
431737
432143
432540
432921
433320
433726
434132
434503
434893
435293
435699
436096
436472
436873
437283
437697
438090
438458
438860
439269
439674
440052
440456
440867
441254
441658
442068
442457
442839
443231
443604
443976
444363
444738
445105
445484
445882
446289
446676
447059
447456
447858
448263
448652
449066
449469
449852
450238
450636
451042
451455
451837
452248
452664
453066
453440
453840
454255
454670
455050
455446
455854
456253
456607
456969
457351
457750
458160
458573
458955
459340
459746
460148
460560
460964
461332
461726
462120
462515
462913
463279
463666
464061
464456
464853
465214
465583
465966
466352
466749
467137
467530
467940
468356
468779
469164
469556
469960
470366
470772
471161
471577
472006
472433
472832
473251
473672
474088
474482
474890
475311
475728
476123
476527
476942
477366
477771
478187
478611
479034
479446
479830
480248
480668
481075
481455
481858
482270
482670
483078
483497
483908
484296
484696
485072
485411
485777
486158
486564
486984
487375
487793
488213
488637
489048
489441
489844
490250
490661
491053
491455
491860
492247
492589
492927
493284
493660
494071
494478
494893
495289
495705
496130
496555
496976
497349
497739
498132
498524
498909
499269
499626
500000
500385
500783
501187
501590
501958
502350
502744
503141
503524
503902
504290
504685
505073
505461
505855
506224
506609
507009
507407
507805
508196
508599
509009
509421
509811
510213
510609
510961
511327
511708
512109
512512
512915
513293
513679
514079
514481
514878
515245
515615
515972
516330
516692
517049
517400
517766
518140
518486
518852
519233
519637
520052
520455
520841
521234
521627
522018
522409
522774
523160
523545
523926
524290
524661
525035
525414
525778
526122
526487
526860
527247
527618
527992
528370
528754
529138
529514
529890
530234
530582
530939
531319
531732
532165
532578
532990
533405
533827
534250
534662
535078
535496
535907
536282
536679
537075
537472
537871
538263
538620
539009
539409
539813
540228
540642
541021
541427
541843
542254
542636
543044
543457
543857
544260
544669
545085
545473
545880
546291
546688
547051
547450
547854
548261
548638
549042
549456
549871
550246
550651
551051
551451
551825
552213
552605
552972
553345
553721
554097
554481
554843
555217
555594
555966
556313
556676
557053
557445
557815
558205
558600
559005
559408
559812
560237
560660
561076
561481
561889
562286
562665
563035
563386
563738
564086
564438
564796
565153
565535
565941
566338
566734
567146
567574
568007
568399
568802
569206
569602
569969
570356
570739
571130
571530
571893
572284
572681
573074
573441
573823
574211
574590
574943
575297
575665
576052
576423
576814
577202
577598
577980
578370
578767
579145
579523
579917
580315
580720
581097
581441
581799
582160
582544
582942
583321
583683
584056
584432
584806
585161
585520
585891
586268
586646
587000
587366
587716
588043
588377
588722
589074
589458
589837
590218
590611
590989
591363
591752
592139
592528
592919
593298
593658
594030
594410
594801
595167
595555
595948
596356
596765
597159
597529
597910
598291
598681
599083
599461
599857
600255
600653
601043
601424
601828
602255
602685
603119
603521
603927
604334
604745
605156
605542
605947
606357
606769
607157
607559
607970
608368
608753
609159
609571
609951
610339
610704
611075
611458
611842
612207
612600
613013
613439
613869
614282
614670
615073
615488
615899
616298
616684
617091
617505
617911
618318
618752
619188
619616
620042
620486
620929
621363
621767
622194
622627
623054
623445
623868
624305
624730
625138
625574
626013
626439
626856
627293
627733
628150
628583
629023
629458
629878
630300
630741
631179
631595
632015
632446
632861
633274
633704
634147
634590
634999
635435
635872
636288
636697
637127
637544
637965
638399
638801
639239
639670
640066
640471
640896
641323
641700
642114
642537
642963
643360
643776
644200
644617
644988
645384
645794
646206
646594
647019
647469
647917
648362
648781
649208
649634
650031
650445
650868
651298
651698
652116
652538
652933
653300
653691
654103
654511
654879
655287
655694
656099
656472
656881
657301
657713
658095
658505
658938
659387
659804
660231
660672
661102
661507
661934
662369
662769
663201
663637
664083
664487
664917
665335
665717
666114
666517
666895
667274
667656
668054
668454
668831
669183
669574
670005
670439
670848
671256
671693
672130
672549
672942
673364
673788
674197
674603
675015
675426
675809
676158
676520
676903
677315
677755
678207
678634
679092
679563
680028
680470
680912
681346
681771
682166
682575
682979
683354
683752
684142
684531
684914
685316
685730
686127
686526
686934
687356
687757
688148
688552
688967
689351
689750
690161
690588
691007
691428
691856
692290
692706
693099
693507
693925
694329
694731
695159
695590
696004
696388
696788
697202
697613
697980
698367
698762
699161
699526
699922
700334
700761
701158
701566
701993
702421
702804
703204
703616
704047
704448
704865
705291
705733
706168
706595
707043
707493
707924
708327
708757
709204
709659
710092
710534
710978
711388
711806
712232
712631
713053
713459
713846
714253
714664
715047
715426
715823
716235
716636
717001
717394
717798
718224
718612
719013
719425
719857
720250
720668
721105
721566
721994
722426
722865
723304
723716
724144
724577
725015
725428
725866
726305
726731
727118
727524
727930
728323
728683
729068
729473
729881
730256
730655
731080
731485
731912
732344
732763
733196
733642
734094
734523
734945
735379
735820
736245
736667
737103
737541
737947
738362
738794
739228
739640
740074
740516
740948
741336
741752
742179
742618
743044
743446
743866
744291
744718
745110
745533
745954
746357
746738
747144
747574
748008
748393
748810
749222
749626
749999
750374
750759
751151
751516
751887
752271
752661
753025
753395
753772
754150
754491
754845
755200
755562
755903
756262
756642
757030
757398
757771
758159
758524
758887
759256
759613
759951
760300
760648
760988
761320
761647
761979
762326
762683
763020
763377
763756
764153
764533
764915
765313
765697
766088
766496
766915
767296
767690
768079
768453
768814
769192
769582
769970
770340
770738
771151
771551
771934
772343
772759
773157
773510
773846
774193
774559
774969
775397
775837
776308
776787
777245
777692
778101
778525
778946
779357
779757
780167
780573
780970
781352
781711
782068
782406
782773
783163
783585
784001
784407
784823
785239
785659
786045
786452
786876
787305
787684
788092
788507
788925
789307
789713
790127
790538
790934
791324
791724
792127
792532
792900
793282
793680
794088
794502
794866
795259
795663
796059
796439
796805
797185
797567
797948
798298
798660
799034
799432
799814
800170
800547
800930
801300
801652
802025
802404
802766
803132
803517
803924
804342
804747
805173
805604
806029
806434
806850
807281
807713
808113
808527
808935
809310
809696
810077
810415
810772
811143
811535
811912
812286
812671
813061
813419
813766
814124
814489
814851
815183
815525
815869
816201
816547
816937
817354
817741
818136
818545
818966
819378
819736
820083
820440
820817
821222
821635
822034
822425
822822
823222
823594
823973
824359
824755
825126
825500
825884
826273
826659
827016
827387
827759
828140
828511
828902
829294
829668
830015
830379
830734
831110
831476
831860
832270
832694
833114
833510
833928
834349
834770
835162
835575
835997
836429
836831
837224
837637
838066
838469
838859
839278
839690
840061
840461
840870
841243
841591
841970
842359
842763
843143
843528
843937
844374
844815
845208
845615
846029
846429
846789
847175
847578
848006
848390
848750
849136
849538
849945
850329
850686
851062
851440
851837
852223
852610
853015
853422
853830
854198
854589
854987
855396
855775
856166
856569
856988
857417
857811
858219
858618
858985
859365
859759
860158
860532
860934
861344
861752
862126
862520
862922
863325
863702
864109
864538
864951
865377
865810
866249
866646
867054
867456
867821
868211
868609
869018
869393
869794
870214
870640
871039
871449
871863
872275
872646
873035
873438
873798
874190
874598
874997
875343
875712
876099
876511
876930
877301
877670
878059
878454
878850
879213
879569
879947
880332
880727
881096
881487
881894
882302
882674
883067
883478
883887
884257
884659
885076
885484
885856
886250
886651
887044
887392
887730
888091
888473
888899
889315
889708
890106
890515
890926
891309
891690
892081
892470
892868
893251
893624
894005
894395
894797
895189
895549
895931
896320
896722
897109
897507
897919
898336
898715
899092
899481
899871
900255
900619
901003
901409
901847
902288
902673
903074
903480
903868
904228
904616
905024
905448
905849
906249
906659
907074
907491
907879
908282
908687
909094
909476
909834
910207
910591
910994
911393
911783
912192
912610
913037
913423
913837
914258
914685
915105
915505
915923
916347
916761
917128
917516
917913
918322
918694
919094
919508
919932
920352
920758
921187
921626
922050
922479
922923
923360
923757
924168
924591
925012
925428
925796
926187
926584
927002
927420
927807
928213
928625
929044
929420
929811
930207
930590
930938
931298
931664
932051
932424
932778
933162
933565
933985
934365
934758
935165
935570
935925
936290
936657
937024
937394
937731
938084
938446
938833
939225
939593
939982
940378
940754
941097
941450
941814
942207
942624
943036
943454
943873
944259
944657
945063
945480
945865
946251
946634
947006
947366
947728
948066
948419
948777
949155
949548
949916
950312
950719
951135
951513
951905
952313
952739
953172
953565
953976
954388
954813
955217
955604
956000
956410
956826
957217
957598
957993
958393
958799
959204
959569
959951
960328
960704
961074
961431
961818
962233
962656
963040
963445
963860
964259
964625
964986
965353
965730
966132
966501
966906
967338
967793
968226
968690
969174
969628
970086
970530
970953
971342
971754
972156
972518
972904
973294
973669
974018
974369
974740
975122
975509
975869
976258
976667
977090
977473
977883
978292
978697
979055
979458
979883
980318
980706
981123
981551
981967
982355
982772
983197
983600
983947
984285
984640
985025
985451
985891
986302
986684
987132
987585
987989
988410
988849
989292
989696
990073
990482
990901
991320
991727
992118
992518
992929
993343
993735
994139
994551
994962
995328
995728
996141
996565
997005
997419
997845
998277
998718
999142
999535
999940
1000353
1000747
1001148
1001567
1001996
1002427
1002832
1003251
1003678
1004062
1004437
1004831
1005236
1005654
1006065
1006438
1006835
1007237
1007643
1008043
1008455
1008877
1009300
1009679
1010057
1010447
1010841
1011240
1011601
1011977
1012370
1012774
1013166
1013526
1013910
1014306
1014712
1015113
1015473
1015834
1016210
1016596
1016999
1017364
1017742
1018132
1018527
1018927
1019305
1019693
1020078
1020466
1020815
1021170
1021533
1021909
1022290
1022676
1023034
1023418
1023811
1024175
1024529
1024906
1025296
1025697
1026094
1026472
1026874
1027282
1027684
1028061
1028441
1028816
1029186
1029521
1029860
1030188
1030513
1030848
1031194
1031550
1031887
1032246
1032603
1032968
1033332
1033660
1034014
1034379
1034769
1035175
1035561
1035944
1036335
1036727
1037116
1037460
1037811
1038171
1038547
1038934
1039317
1039661
1040032
1040428
1040823
1041218
1041594
1041979
1042373
1042777
1043186
1043574
1043960
1044356
1044759
1045156
1045540
1045932
1046348
1046775
1047204
1047607
1048012
1048434
1048857
1049269
1049642
1050037
1050441
1050857
1051272
1051641
1052008
1052385
1052772
1053172
1053560
1053924
1054313
1054722
1055138
1055523
1055879
1056217
1056567
1056942
1057357
1057803
1058250
1058642
1059031
1059430
1059835
1060236
1060594
1060941
1061304
1061680
1062072
1062481
1062851
1063228
1063620
1064019
1064424
1064838
1065211
1065576
1065962
1066360
1066773
1067157
1067541
1067944
1068366
1068790
1069183
1069542
1069920
1070306
1070706
1071116
1071526
1071920
1072283
1072665
1073059
1073467
1073883
1074295
1074687
1075067
1075464
1075881
1076298
1076667
1077065
1077476
1077892
1078265
1078610
1078948
1079290
1079654
1080089
1080544
1080977
1081361
1081763
1082200
1082653
1083109
1083522
1083894
1084280
1084669
1085067
1085438
1085782
1086147
1086532
1086942
1087361
1087755
1088132
1088527
1088931
1089342
1089748
1090149
1090532
1090882
1091255
1091637
1092034
1092426
1092791
1093180
1093581
1093991
1094405
1094788
1095141
1095500
1095867
1096253
1096672
1097084
1097502
1097928
1098357
1098748
1099104
1099479
1099865
1100262
1100667
1101084
1101475
1101837
1102220
1102605
1102997
1103389
1103740
1104109
1104492
1104886
1105293
1105662
1106042
1106426
1106800
1107171
1107527
1107889
1108246
1108594
1108952
1109317
1109696
1110080
1110423
1110783
1111162
1111561
1111955
1112310
1112664
1113051
1113459
1113884
1114314
1114705
1115092
1115494
1115908
1116331
1116757
1117135
1117488
1117858
1118244
1118661
1119102
1119542
1119927
1120343
1120778
1121212
1121642
1122019
1122406
1122813
1123230
1123656
1124083
1124461
1124857
1125262
1125674
1126097
1126473
1126864
1127264
1127669
1128081
1128468
1128831
1129215
1129611
1130026
1130451
1130830
1131202
1131586
1131985
1132402
1132826
1133240
1133637
1134029
1134427
1134803
1135169
1135519
1135878
1136245
1136618
1137002
1137392
1137761
1138125
1138502
1138887
1139283
1139659
1140056
1140471
1140880
1141264
1141638
1142022
1142406
1142790
1143179
1143543
1143916
1144287
1144655
1145012
1145357
1145716
1146085
1146465
1146853
1147220
1147601
1147988
1148379
1148749
1149087
1149436
1149802
1150186
1150584
1150979
1151332
1151702
1152083
1152475
1152865
1153220
1153562
1153919
1154282
1154656
1155037
1155403
1155741
1156091
1156442
1156799
1157169
1157554
1157909
1158250
1158609
1158977
1159368
1159773
1160152
1160505
1160885
1161276
1161681
1162094
1162462
1162810
1163180
1163560
1163963
1164379
1164769
1165123
1165492
1165870
1166252
1166642
1167036
1167401
1167751
1168106
1168461
1168824
1169176
1169513
1169862
1170209
1170550
1170900
1171264
1171602
1171950
1172310
1172680
1173059
1173405
1173758
1174132
1174521
1174920
1175309
1175658
1176007
1176371
1176760
1177169
1177597
1178036
1178429
1178838
1179251
1179657
1180045
1180401
1180768
1181150
1181548
1181958
1182344
1182754
1183181
1183614
1183987
1184358
1184747
1185157
1185583
1186014
1186452
1186893
1187323
1187700
1188059
1188436
1188835
1189251
1189645
1190007
1190394
1190813
1191250
1191683
1192116
1192482
1192839
1193216
1193618
1194041
1194471
1194901
1195273
1195631
1196008
1196396
1196805
1197178
1197573
1198004
1198449
1198860
1199229
1199622
1200027
1200438
1200863
1201269
1201627
1201973
1202337
1202734
1203151
1203541
1203896
1204251
1204633
1205049
1205493
1205952
1206408
1206808
1207175
1207565
1207972
1208375
1208771
1209125
1209460
1209798
1210144
1210528
1210945
1211356
1211753
1212131
1212519
1212909
1213296
1213640
1213988
1214343
1214703
1215061
1215392
1215716
1216043
1216382
1216750
1217153
1217578
1217999
1218402
1218815
1219217
1219576
1219917
1220269
1220636
1221017
1221408
1221772
1222114
1222463
1222825
1223199
1223588
1223984
1224373
1224748
1225087
1225426
1225771
1226127
1226495
1226870
1227213
1227539
1227864
1228195
1228556
1228946
1229367
1229782
1230180
1230529
1230887
1231253
1231634
1232020
1232391
1232730
1233083
1233447
1233828
1234224
1234611
1234958
1235311
1235671
1236037
1236419
1236815
1237205
1237590
1237943
1238310
1238678
1239055
1239444
1239828
