181
577
969
1356
1737
2117
2499
2879
3248
3596
3942
4306
4699
5112
5538
5976
6427
6855
7265
7665
8054
8437
8798
9149
9510
9891
10287
10703
11126
11551
11972
12386
12783
13163
13529
13889
14237
14574
14913
15261
15625
16005
16391
16784
17174
17537
17883
18218
18550
18890
19246
19629
20035
20444
20861
21279
21684
22080
22470
22843
23202
23557
23925
24308
24708
25147
25606
26061
26494
26907
27305
27669
28020
28372
28729
29106
29503
29918
30339
30753
31151
31526
31890
32258
32637
33023
33418
33816
34210
34604
34991
35347
35702
36067
36446
36855
37276
37709
38136
38517
38893
39282
39690
40118
40558
41004
41447
41880
42286
42654
43031
43416
43817
44255
44699
45126
45522
45940
46361
46790
47218
47607
48005
48408
48814
49222
49605
49979
50376
50784
51213
51625
52005
52405
52806
53205
53585
53981
54385
54789
55183
55556
55954
56351
56760
57177
57582
57976
58386
58794
59199
59575
59958
60355
60759
61170
61582
61983
62361
62760
63153
63543
63916
64307
64700
65096
65488
65854
66244
66635
67035
67444
67840
68204
68591
68984
69382
69788
70192
70591
70966
71333
71718
72100
72497
72896
73302
73708
74119
74500
74880
75265
75647
76028
76407
76771
77154
77544
77932
78326
78725
79109
79479
79865
80253
80650
81058
81465
81853
82224
82612
82996
83381
83766
84149
84511
84884
85273
85670
86079
86496
86903
87279
87680
88085
88490
88896
89288
89671
90068
90470
90878
91269
91668
92071
92477
92881
93262
93657
94055
94451
94847
95223
95608
95999
96393
96786
97156
97546
97937
98332
98717
99082
99471
99861
100256
100662
101063
101442
101816
102200
102583
102970
103351
103724
104112
104495
104887
105284
105661
106024
106399
106768
107137
107526
107930
108351
108767
109168
109545
109940
110326
110719
111111
111507
111897
112271
112627
112988
113349
113713
114086
114475
114868
115246
115608
115950
116282
116625
116969
117329
117699
118072
118443
118804
119176
119555
119926
120306
120692
121070
121425
121788
122152
122530
122919
123322
123706
124091
124483
124888
125299
125692
126073
126436
126804
127169
127541
127918
128279
128662
129052
129443
129832
130196
130577
130955
131333
131698
132048
132411
132770
133133
133493
133842
134201
134566
134944
135325
135704
136060
136420
136775
137129
137487
137847
138190
138538
138889
139245
139614
139984
140339
140690
141055
141421
141790
142161
142536
142890
143240
143595
143953
144319
144697
145083
145470
145843
146193
146548
146905
147268
147639
147999
148349
148712
149078
149449
149825
150190
150541
150903
151264
151629
151999
152372
152746
153100
153473
153857
154248
154647
155046
155422
155783
156155
156534
156910
157299
157688
158077
158463
158838
159198
159558
159928
160302
160686
161077
161479
161887
162282
162653
163032
163410
163791
164185
164582
164967
165341
165702
166066
166432
166800
167179
167575
167973
168368
168754
169131
169506
169863
170218
170576
170936
171302
171680
172042
172396
172760
173128
173502
173879
174264
174657
175050
175430
175793
176160
176521
176886
177254
177630
178017
178392
178765
179137
179508
179891
180258
180632
181010
181401
181793
182180
182553
182911
183269
183623
183979
184340
184710
185086
185471
185853
186228
186583
186934
187291
187658
188037
188433
188829
189218
189588
189945
190304
190668
191030
191396
191749
192087
192414
192741
193081
193424
193766
194092
194423
194762
195105
195474
195852
196242
196639
197020
197374
197727
198080
198428
198787
199149
199513
199875
200226
200575
200934
201305
201688
202076
202461
202842
203211
203562
203897
204242
204592
204950
205318
205692
206072
206463
206830
207194
207560
207921
208271
208612
208943
209266
209584
209903
210232
210580
210943
211331
211732
212150
212570
212982
213378
213753
214104
214455
214822
215227
215637
216055
216486
216916
217342
217758
218146
218514
218859
219214
219562
219909
220266
220627
220988
221344
221720
222091
222468
222850
223234
223593
223956
224322
224692
225069
225455
225846
226223
226581
226947
227305
227665
228035
228409
228782
229138
229492
229854
230216
230588
230965
231340
231711
232057
232403
232758
233119
233491
233860
234220
234571
234936
235315
235698
236084
236474
236845
237203
237572
237937
238308
238687
239066
239452
239829
240187
240552
240922
241295
241675
242060
242442
242810
243166
243532
243898
244273
244650
245026
245408
245784
246159
246526
246880
247219
247561
247915
248281
248669
249064
249467
249844
250230
250628
251039
251448
251847
252234
252596
252953
253314
253674
254046
254427
254815
255192
255552
255923
256298
256679
257071
257472
257876
258266
258645
259004
259364
259731
260103
260483
260877
261288
261709
262126
262507
262879
263250
263615
263979
264353
264723
265080
265453
265819
266193
266566
266937
267292
267673
268051
268437
268815
269197
269566
269918
270286
270647
271016
271420
271788
272168
272557
272944
273341
273733
274109
274489
274862
275241
275600
275953
276337
276728
277125
277523
277914
278296
278662
279036
279413
279805
280189
280551
280896
281253
281605
281974
282361
282761
283151
283517
283901
284293
284707
285117
285509
285868
286238
286608
286978
287352
287719
288064
288434
288810
289203
289600
289974
290371
290770
291173
291570
291961
292335
292698
293070
293438
293812
294192
294570
294934
295318
295705
296093
296483
296851
297218
297597
297976
298364
298758
299144
299520
299909
300306
300714
301126
301537
301917
302290
302672
303059
303449
303852
304255
304656
305040
305407
305784
306160
306542
306936
307335
307725
308095
308474
308853
309232
309619
310002
310380
310752
311107
311469
311830
312194
312569
312961
313362
313738
314119
314499
314870
315235
315593
315928
316267
316621
316984
317363
317742
318124
318490
318840
319198
319554
319920
320300
320684
321071
321454
321833
322189
322527
322881
323235
323609
323996
324396
324774
325155
325548
325945
326344
326750
327155
327525
327888
328251
328631
329025
329417
329814
330187
330549
330913
331279
331665
332053
332424
332799
333182
333564
333950
334329
334684
335043
335399
335763
336132
336488
336832
337203
337574
337947
338320
338673
339048
339421
339799
340175
340547
340913
341257
341608
341963
342333
342719
343107
343502
343892
344273
344640
344994
345354
345714
346074
346430
346765
347088
347411
347727
348061
348403
348755
349123
349495
349867
350216
350572
350933
351302
351674
352052
352423
352778
353116
353467
353821
354192
354576
354967
355363
355753
356120
356492
356859
357226
357606
357998
358387
358769
359133
359481
359841
360213
360612
361018
361429
361828
362208
362597
362983
363365
363750
364141
364534
364916
365291
365647
365998
366360
366744
367158
367589
368024
368453
368868
369241
369606
369968
370358
370745
371135
371525
371923
372318
372704
373076
373442
373802
374146
374495
374851
375223
375595
375977
376361
376721
377101
377476
377856
378239
378613
378989
379370
379757
380148
380535
380908
381295
381678
382068
382451
382818
383203
383589
383974
384351
384715
385097
385484
385877
386275
386654
387044
387435
387814
388188
388558
388906
389244
389603
389957
390327
390708
391087
391444
391812
392185
392563
392944
393328
393701
394054
394417
394780
395142
395505
395865
396216
396573
396940
397314
397698
398075
398453
398822
399174
399533
399894
400263
400633
401008
401367
401721
402090
402467
402855
403248
403637
403994
404356
404715
405081
405454
405823
406174
406543
406915
407292
407674
408049
408411
408781
409153
409535
409923
410301
410652
411014
411372
411736
412117
412492
412849
413227
413605
413985
414361
414729
415077
415438
415802
416177
416562
416956
417337
417697
418063
418421
418779
419136
419492
419836
420177
420534
420889
421259
421640
422022
422395
422744
423107
423472
423837
424213
424587
424937
425299
425660
426024
426399
426777
427135
427491
427853
428223
428594
428971
429334
429676
430034
430388
430750
431128
431513
431896
432263
432641
433006
433370
433736
434099
434446
434804
435174
435555
435942
436341
436728
437096
437477
437853
438228
438599
438965
439313
439665
440019
440378
440744
441104
441447
441811
442171
442539
442915
443293
443662
444008
444369
444726
445089
445456
445822
446174
446540
446904
447273
447652
448018
448396
448767
449141
449514
449864
450231
450595
450956
451321
451677
452011
452369
452720
453079
453448
453816
454172
454514
454870
455226
455590
455958
456317
456652
457012
457363
457723
458092
458465
458807
459165
459515
459871
460230
460597
460943
461310
461678
462047
462426
462798
463145
463498
463847
464197
464551
464896
465240
465600
465967
466341
466709
467060
467424
467782
468137
468486
468834
469193
469554
469929
470289
470654
471029
471408
471789
472159
472508
472867
473214
473558
473904
474250
474584
474900
475218
475551
475896
476254
476610
476962
477340
477724
478110
478500
478862
479234
479602
479977
480355
480720
481116
481525
481928
482344
482729
483106
483477
483842
484191
484555
484933
485325
485723
486094
486475
486856
487229
487598
487957
488295
488633
488981
489333
489706
490077
490435
490782
491151
491517
491882
492250
492608
492957
493286
493630
493969
494318
494681
495049
495416
495772
496141
496511
496877
497247
497596
497956
498317
498679
499042
499382
499739
500099
500469
500842
501210
501575
501946
502319
502691
503041
503391
503736
504073
504408
504745
505074
505423
505772
506142
506525
506916
507297
507656
508025
508382
508742
509101
509443
509784
510143
510503
510879
511265
511648
512023
512378
512719
513066
513411
513765
514132
514496
514864
515210
515558
515910
516261
516620
516976
517325
517666
517990
518327
518659
518989
519332
519687
520033
520386
520741
521103
521468
521832
522178
522519
522860
523195
523522
523845
524162
524472
524771
525071
525391
525724
526073
526448
526840
527249
527668
528089
528500
528900
529288
529665
530018
530360
530713
531077
531461
531875
532311
532753
533184
533603
534014
534414
534794
535152
535515
535905
536346
536798
537254
537695
538116
538522
538914
539283
539645
539998
540344
540698
541062
541438
541811
542186
542558
542920
543273
543621
543963
544299
544646
545003
545373
545748
546132
546520
546903
547277
547641
547983
548317
548658
548995
549337
549693
550061
550431
550803
551177
551544
551896
552247
552604
552962
553325
553688
554048
554395
554747
555114
555484
555857
556238
556619
556999
557374
557747
558115
558467
558813
559165
559524
559889
560262
560636
561019
561401
561781
562145
562495
562851
563237
563704
564162
564612
565052
565475
565884
566276
566644
566995
567328
567671
568014
568356
568709
569071
569438
569808
570175
570534
570890
571244
571594
571929
572269
572615
572963
573328
573704
574085
574471
574855
575228
575583
575924
576275
576625
576986
577354
577730
578101
578467
578822
579170
579506
579842
580192
580548
580916
581297
581670
582044
582412
582772
583110
583448
583787
584122
584467
584824
585189
585558
585924
586292
586657
587005
587337
587683
588025
588374
588739
589118
589498
589881
590249
590604
590964
591324
591690
592057
592425
592787
593144
593480
593829
594177
594529
594889
595257
595625
595987
596345
596696
597043
597372
597713
598053
598402
598766
599142
599525
599899
600259
600603
600945
601289
601633
601995
602367
602746
603109
603486
603858
604233
604602
604969
605338
605697
606041
606391
606735
607084
607440
607801
608171
608537
608888
609231
609577
609918
610273
610639
611005
611367
611712
612062
612410
612759
613114
613470
613827
614183
614527
614862
615202
615539
615887
616246
616610
616960
617323
617677
618038
618397
618747
619087
619431
619772
620118
620467
620801
621150
621503
621864
622228
622590
622945
623310
623680
624053
624422
624785
625126
625473
625817
626163
626527
626897
627257
627635
628017
628404
628793
629180
629559
629916
630248
630592
630932
631290
631672
632069
632459
632823
633202
633576
633953
634333
634718
635088
635439
635791
636141
636509
636893
637293
637665
638059
638448
638836
639228
639609
639972
640347
640720
641103
641483
641851
642204
642567
642928
643295
643660
644010
644353
644710
645058
645404
645750
646082
646433
646790
647160
647539
647903
648275
648655
649039
649425
649787
650151
650512
650869
651227
651578
651919
652274
652635
653008
653391
653767
654120
654455
654796
655130
655471
655817
656162
656507
656878
657266
657671
658050
658409
658757
659107
659448
659795
660146
660490
660825
661173
661521
661875
662240
662594
662962
663335
663706
664084
664460
664819
665192
665566
665940
666317
666689
667042
667387
667735
668083
668441
668803
669156
669510
669870
670231
670605
670984
671345
671705
672062
672416
672773
673122
673467
673827
674187
674557
674923
675283
675651
676009
676360
676703
677031
677368
677707
678055
678421
678781
679134
679502
679870
680249
680635
681006
681356
681713
682071
682442
682822
683200
683557
683921
684286
684651
685020
685382
685728
686085
686446
686810
687178
687529
687896
688268
688645
689022
689390
689740
690091
690447
690806
691176
691558
691920
692294
692664
693042
693426
693788
694142
694492
694839
695184
695532
695867
696213
696568
696936
697318
697696
698052
698408
698765
699120
699472
699824
700166
700518
700868
701216
701560
701903
702252
702601
702961
703326
703677
704024
704367
704705
705040
705364
705679
705997
706321
706654
706976
707315
707656
708000
708353
708700
709049
709394
709735
710070
710413
710764
711135
711512
711878
712250
712609
712966
713319
713669
714025
714383
714742
715092
715428
715773
716116
716472
716832
717184
717520
717861
718203
718547
718907
719267
719617
719950
720273
720606
720937
721279
721636
722007
722372
722734
723110
723486
723862
724232
724581
724932
725277
725631
725993
726346
726711
727068
727427
727788
728135
728469
728811
729152
729494
729838
730175
730530
730881
731226
731563
731887
732226
732561
732894
733230
733571
733908
734233
734566
734898
735230
735571
735928
736282
736625
736962
737299
737636
737971
738304
738626
738953
739277
739602
739928
740254
740574
740898
741214
741526
741829
742127
742426
742733
743039
743346
743661
743988
744312
744638
744967
745284
745608
745930
746255
746583
746910
747263
747615
747972
748325
748682
749047
749402
749750
750091
750421
750744
751062
751378
751686
751999
752310
752629
752953
753277
753597
753919
754234
754547
754855
755156
755448
755745
756042
756338
756650
756988
757347
757712
758069
758413
758741
759069
759392
759714
760038
760367
760688
761015
761344
761669
761994
762308
762615
762913
763220
763525
763832
764152
764492
764830
765166
765502
765838
766164
766485
766811
767140
767481
767835
768191
768535
768881
769230
769580
769928
770269
770603
770946
771286
771626
771974
772320
772663
772996
773342
773679
774010
774339
774658
774984
775310
775635
775963
776293
776618
776963
777313
777670
778033
778394
778748
779109
779462
779820
780172
780512
780870
781229
781606
781988
782374
782783
783192
783596
783980
784338
784702
785058
785419
785789
786146
786526
786906
787295
787679
788041
788392
788751
789111
789469
789812
790169
790527
790888
791243
791584
791930
792284
792641
793006
793369
793719
794084
794451
794819
795194
795574
795937
796311
796689
797070
797452
797814
798163
798518
798874
799232
799602
799955
800292
800636
800971
801309
801645
801992
802351
802714
803095
803469
803818
804164
804508
804854
805201
805548
805883
806233
806586
806950
807318
807683
808059
808441
808823
809196
809572
809941
810302
810654
811016
811380
811747
812107
812452
812811
813160
813517
813870
814216
814551
814869
815198
815522
815851
816190
816522
816875
817234
817606
817980
818353
818705
819049
819394
819742
820093
820446
820781
821125
821468
821819
822178
822532
822879
823222
823554
823879
824205
824538
824875
825222
825575
825916
826268
826615
826951
827287
827618
827948
828291
828640
828982
829337
829696
830066
830423
830771
831112
831448
831781
832120
832460
832797
833151
833507
833870
834234
834582
834940
835301
835665
836031
836384
836729
837084
837452
837837
838226
838595
838961
839323
839680
840045
840401
840737
841078
841411
841739
842068
842405
842761
843134
843512
843881
844236
844603
844972
845342
845710
846060
846420
846773
847131
847486
847830
848165
848516
848871
849240
849603
849979
850362
850738
851115
851479
851826
852175
852521
852873
853230
853582
853958
854335
854718
855096
855460
855818
856176
856524
856874
857223
857559
857910
858254
858613
858970
859312
859670
860025
860382
860733
861065
861408
861743
862083
862418
862749
863085
863418
863752
864085
864419
864748
865084
865425
865772
866128
866478
866820
867171
867522
867872
868219
868553
868890
869230
869569
869911
870245
870585
870935
871293
871649
872001
872344
872692
873036
873372
873703
874024
874339
874658
874970
875279
875589
875899
876201
876499
876806
877118
877443
877786
878134
878475
878804
879134
879464
879805
880149
880502
880834
881172
881504
881843
882190
882530
882890
883249
883622
883992
884343
884707
885071
885437
885795
886143
886469
886800
887126
887456
887796
888130
888468
888813
889170
889536
889893
890230
890574
890916
891265
891621
891984
892339
892680
893019
893359
893703
894058
894421
894780
895131
895472
895809
896141
896477
896871
897239
897601
897968
898338
898707
899066
899411
899746
900075
900399
900720
901036
901349
901664
901983
902303
902638
902973
903304
903632
903951
904273
904585
904892
905192
905486
905773
906068
906355
906644
906946
907263
907584
907914
908242
908566
908898
909234
909588
909952
910322
910687
911039
911382
911726
912071
912427
912768
913106
913445
913783
914136
914495
914856
915196
915550
915902
916264
916636
916996
917362
917725
918089
918453
918808
919147
919496
919832
920170
920512
920845
921197
921553
921932
922323
922703
923078
923450
923809
924160
924510
924844
925188
925533
925882
926230
926576
926920
927275
927636
927998
928358
928695
929036
929369
929713
930071
930430
930770
931123
931471
931833
932201
932549
932902
933248
933601
933950
934282
934629
934975
935334
935698
936042
936399
936753
937108
937457
937790
938139
938480
938828
939184
939528
939862
940197
940524
940851
941173
941486
941801
942116
942437
942761
943091
943416
943739
944062
944386
944713
945039
945357
945676
945998
946320
946642
946963
947276
947594
947905
948215
948527
948843
949162
949474
949786
950103
950473
950840
951200
951551
951891
952222
952544
952862
953173
953482
953784
954090
954391
954691
954990
955285
955577
955866
956152
956437
956723
957014
957308
957607
957908
958211
958516
958819
959133
959444
959778
960126
960487
960848
961192
961544
961890
962234
962578
962932
963270
963604
963925
964244
964559
964868
965178
965497
965819
966138
966469
966798
967131
967474
967815
968155
968475
968804
969129
969453
969787
970130
970478
970815
971157
971500
971842
972186
972532
972874
973204
973533
973863
974196
974534
974880
975215
975543
975881
976217
976563
976911
977246
977594
977946
978300
978652
978990
979337
979676
980021
980368
980704
981035
981368
981702
982047
982387
982715
983051
983388
983740
984097
984449
984780
985116
985446
985773
986099
986425
986739
987061
987377
987695
988023
988347
988678
989017
989372
989734
990101
990457
990801
991143
991480
991811
992140
992462
992774
993103
993428
993762
994115
994478
994834
995200
995567
995937
996303
996651
996994
997330
997664
998002
998339
998664
999004
999337
999677
1000023
1000356
1000686
1001003
1001326
1001653
1001991
1002351
1002710
1003050
1003391
1003733
1004073
1004408
1004735
1005047
1005364
1005685
1006018
1006365
1006721
1007083
1007441
1007782
1008131
1008480
1008836
1009201
1009572
1009943
1010315
1010671
1011012
1011352
1011687
1012025
1012375
1012736
1013106
1013480
1013836
1014187
1014525
1014863
1015207
1015541
1015869
1016207
1016555
1016913
1017288
1017654
1018018
1018374
1018713
1019045
1019382
1019718
1020058
1020399
1020739
1021068
1021394
1021721
1022050
1022385
1022722
1023058
1023388
1023709
1024038
1024362
1024688
1025019
1025347
1025665
1025988
1026317
1026704
1027082
1027446
1027810
1028166
1028516
1028858
1029191
1029520
1029846
1030167
1030488
1030811
1031128
1031442
1031752
1032058
1032369
1032679
1032994
1033329
1033681
1034038
1034392
1034742
1035086
1035412
1035735
1036063
1036387
1036711
1037036
1037359
1037676
1038002
1038325
1038650
1038971
1039295
1039616
1039929
1040243
1040553
1040859
1041170
1041483
1041794
1042099
1042406
1042713
1043022
1043345
1043678
1044010
1044335
1044649
1044965
1045276
1045582
1045897
1046219
1046537
1046853
1047181
1047515
1047856
1048212
1048575
1048933
1049279
1049607
1049920
1050233
1050537
1050838
1051147
1051475
1051806
1052128
1052450
1052772
1053097
1053417
1053735
1054046
1054365
1054684
1055003
1055330
1055656
1055977
1056291
1056609
1056922
1057239
1057557
1057871
1058186
1058497
1058804
1059108
1059418
1059735
1060056
1060375
1060697
1061018
1061332
1061651
1061970
1062293
1062614
1062943
1063273
1063609
1063936
1064267
1064597
1064931
1065264
1065587
1065921
1066257
1066597
1066930
1067258
1067586
1067906
1068221
1068527
1068833
1069139
1069452
1069764
1070076
1070387
1070696
1071003
1071304
1071601
1071892
1072184
1072479
1072775
1073075
1073379
1073691
1074011
1074341
1074673
1075001
1075328
1075651
1075976
1076303
1076631
1076961
1077289
1077617
1077938
1078263
1078595
1078937
1079289
1079651
1080016
1080367
1080701
1081030
1081362
1081737
1082117
1082495
1082866
1083220
1083564
1083897
1084215
1084534
1084851
1085166
1085485
1085815
1086143
1086473
1086804
1087133
1087459
1087781
1088100
1088428
1088754
1089092
1089437
1089787
1090131
1090467
1090797
1091118
1091431
1091741
1092058
1092373
1092695
1093018
1093332
1093639
1093940
1094236
1094526
1094810
1095092
1095379
1095665
1095952
1096249
1096563
1096882
1097208
1097534
1097856
1098169
1098483
1098795
1099109
1099425
1099741
1100057
1100368
1100677
1100984
1101285
1101583
1101885
1102200
1102583
1102984
1103369
1103754
1104126
1104492
1104850
1105195
1105530
1105862
1106187
1106509
1106824
1107139
1107453
1107768
1108083
1108399
1108712
1109026
1109336
1109649
1109962
1110280
1110622
1110977
1111330
1111683
1112029
1112368
1112689
1113017
1113338
1113656
1113979
1114294
1114605
1114914
1115219
1115519
1115823
1116121
1116420
1116724
1117035
1117350
1117665
1117979
1118291
1118609
1118922
1119232
1119545
1119864
1120180
1120495
1120803
1121118
1121429
1121741
1122069
1122408
1122753
1123100
1123446
1123779
1124104
1124419
1124730
1125046
1125357
1125676
1126011
1126355
1126698
1127035
1127363
1127686
1128006
1128327
1128655
1128983
1129308
1129633
1129953
1130269
1130581
1130890
1131196
1131497
1131798
1132104
1132404
1132706
1133024
1133336
1133636
1133931
1134235
1134536
1134837
1135138
1135441
1135740
1136038
1136334
1136624
1136920
1137211
1137497
1137782
1138070
1138368
1138674
1138979
1139294
1139606
1139929
1140261
1140595
1140938
1141269
1141591
1141903
1142216
1142524
1142836
1143156
1143483
1143811
1144131
1144448
1144768
1145088
1145420
1145762
1146100
1146442
1146773
1147091
1147409
1147754
1148121
1148472
1148820
1149163
1149498
1149827
1150147
1150460
1150770
1151078
1151385
1151690
1151993
1152293
1152600
1152908
1153221
1153552
1153885
1154224
1154563
1154900
1155231
1155549
1155869
1156183
1156497
1156819
1157146
1157476
1157805
1158132
1158455
1158768
1159085
1159398
1159715
1160046
1160379
1160710
1161034
1161352
1161679
1162004
1162325
1162648
1162967
1163284
1163598
1163910
1164221
1164528
1164832
1165139
1165445
1165754
1166076
1166415
1166749
1167087
1167426
1167775
1168133
1168487
1168834
1169175
1169507
1169825
1170146
1170465
1170787
1171115
1171447
1171783
1172111
1172435
1172767
1173104
1173448
1173808
1174183
1174560
1174921
1175266
1175597
1175929
1176257
1176586
1176921
1177248
1177569
1177898
1178223
1178549
1178881
1179210
1179547
1179885
1180226
1180567
1180896
1181220
1181541
1181862
1182183
1182503
1182823
1183141
1183456
1183765
1184080
1184393
1184707
1185026
1185350
1185676
1186009
1186345
1186678
1187005
1187321
1187633
1187943
1188249
1188555
1188861
1189171
1189481
1189792
1190112
1190438
1190768
1191103
1191444
1191777
1192108
1192432
1192751
1193060
1193373
1193680
1193983
1194291
1194604
1194916
1195228
1195532
1195840
1196148
1196464
1196795
1197120
1197444
1197778
1198107
1198430
1198748
1199063
1199371
1199680
1199985
1200287
1200588
1200888
1201188
1201486
1201780
1202072
1202360
1202646
1202931
1203218
1203509
1203804
1204099
1204393
1204692
1204994
1205304
1205627
1205945
1206269
1206587
1206908
1207233
1207554
1207869
1208176
1208477
1208776
1209086
1209426
1209754
1210080
1210408
1210752
1211120
1211500
1211884
1212264
1212639
1213008
1213367
1213712
1214043
1214358
1214671
1214979
1215289
1215605
1215935
1216274
1216618
1216960
1217294
1217634
1217973
1218321
1218668
1219020
1219363
1219698
1220033
1220367
1220702
1221043
1221385
1221722
1222056
1222386
1222708
1223024
1223333
1223635
1223931
1224226
1224517
1224805
1225095
1225397
1225709
1226047
1226430
1226809
1227193
1227583
1227966
1228331
1228678
1229012
1229341
1229668
1229988
1230299
1230618
1230936
1231267
1231619
1231978
1232338
1232700
1233047
1233378
1233693
1234009
1234314
1234613
1234917
1235224
1235534
1235841
1236162
1236562
1236937
1237306
1237669
1238026
1238380
1238724
1239061
1239397
1239726
