337
820
1292
1803
2297
2762
3262
3755
4222
4669
5158
5665
6138
6632
7153
7674
8170
8663
9171
9683
10156
10647
11157
11661
12122
12629
13154
13637
14165
14681
15147
15641
16171
16672
17152
17687
18226
18748
19268
19801
20302
20761
21281
21811
22298
22774
23288
23800
24284
24732
25250
25765
26271
26738
27176
27662
28164
28646
29109
29613
30128
30613
31096
31624
32152
32647
33134
33647
34154
34620
35059
35546
36052
36561
37045
37556
38079
38599
39081
39592
40114
40599
41046
41517
42021
42525
43010
43521
44046
44556
45010
45507
46014
46515
47025
47501
47945
48422
48933
49453
49932
50447
50961
51438
51892
52402
52926
53435
53909
54436
54957
55445
55937
56449
56967
57442
57881
58356
58864
59373
59844
60320
60835
61346
61815
62245
62700
63171
63637
64070
64540
65036
65511
65995
66498
67000
67489
67980
68468
68914
69367
69850
70320
70773
71227
71728
72237
72689
73129
73597
74058
74493
74915
75366
75850
76330
76785
77222
77690
78174
78637
79066
79511
79977
80432
80862
81308
81784
82281
82739
83167
83642
84142
84610
85064
85559
86069
86546
87029
87548
88056
88533
88950
89362
89820
90308
90783
91235
91737
92256
92756
93206
93644
94121
94609
95091
95531
95982
96477
96956
97385
97803
98249
98724
99186
99621
100085
100573
101055
101497
101916
102377
102830
103264
103738
104221
104694
105161
105574
105985
106434
106896
107347
107798
108262
108711
109200
109689
110184
110652
111123
111606
112083
112517
112939
113395
113878
114353
114800
115236
115703
116190
116657
117091
117538
118025
118514
118954
119388
119863
120342
120792
121211
121652
122117
122590
123062
123523
124018
124523
124995
125427
125881
126374
126862
127304
127746
128228
128740
129231
129684
130118
130602
131085
131538
131990
132488
132992
133496
133953
134378
134847
135339
135815
136266
136689
137142
137628
138125
138586
139048
139556
140060
140527
140990
141514
142027
142518
142985
143484
144017
144538
145018
145471
145960
146449
146934
147370
147792
148251
148734
149207
149636
150077
150555
151040
151505
151994
152495
152975
153429
153918
154404
154881
155324
155770
156271
156773
157248
157715
158199
158670
159109
159559
160041
160516
161009
161517
162033
162548
163023
163472
163952
164437
164908
165338
165767
166242
166736
167196
167651
168150
168649
169113
169566
170041
170550
171045
171494
171995
172492
172974
173468
173959
174450
174899
175316
175764
176262
176744
177199
177675
178169
178685
179201
179701
180132
180580
181070
181566
182038
182491
182975
183466
183946
184384
184849
185328
185800
186241
186729
187240
187675
188104
188540
189018
189500
189979
190415
190895
191381
191851
192286
192757
193251
193741
194188
194637
195130
195625
196084
196535
197034
197534
198012
198466
198918
199400
199883
200333
200782
201275
201766
202248
202716
203219
203724
204214
204706
205211
205709
206179
206607
207059
207561
208065
208540
208986
209477
209994
210490
210939
211403
211903
212407
212867
213298
213770
214269
214743
215175
215651
216155
216643
217093
217590
218109
218606
219066
219553
220042
220516
220955
221434
221925
222399
222858
223319
223793
224262
224694
225148
225641
226136
226586
227077
227570
228050
228482
228930
229399
229860
230317
230739
231161
231617
232105
232577
233052
233544
234030
234473
234956
235441
235913
236347
236746
237160
237603
238024
238423
238835
239248
239716
240199
240655
241086
241552
242032
242502
242942
243365
243829
244303
244765
245249
245733
246177
246614
247080
247586
248071
248501
248970
249447
249907
250331
250802
251292
251772
252205
252649
253150
253650
254100
254541
255030
255507
255972
256399
256846
257331
257785
258212
258652
259093
259500
259901
260305
260704
261159
261620
262090
262539
262999
263431
263865
264326
264781
265230
265651
266089
266549
267005
267442
267929
268420
268873
269315
269803
270306
270752
271183
271680
272178
272664
273114
273543
274019
274505
274989
275459
275897
276387
276883
277350
277787
278266
278764
279228
279674
280167
280669
281140
281582
282048
282532
283011
283486
284005
284502
284972
285468
285960
286427
286895
287380
287871
288336
288772
289248
289748
290213
290636
291096
291588
292043
292497
292980
293472
293909
294334
294824
295326
295796
296254
296750
297244
297730
298177
298632
299115
299586
300023
300454
300914
301392
301849
302288
302754
303260
303740
304178
304646
305132
305625
306084
306501
306931
307387
307856
308332
308755
309193
309636
310102
310582
311060
311516
311946
312406
312888
313308
313719
314123
314567
315029
315490
315936
316417
316903
317373
317814
318299
318821
319318
319763
320247
320775
321293
321779
322236
322754
323262
323732
324237
324742
325217
325703
326221
326750
327245
327720
328228
328729
329196
329628
330089
330585
331088
331555
332010
332508
333003
333482
333938
334418
334913
335416
335915
336423
336933
337384
337810
338283
338793
339287
339745
340216
340713
341201
341652
342152
342668
343147
343615
344099
344583
345078
345532
345971
346453
346956
347462
347927
348373
348870
349370
349838
350284
350765
351265
351721
352147
352619
353098
353541
353955
354369
354817
355279
355727
356144
356590
357068
357559
358015
358461
358946
359443
359924
360369
360835
361310
361795
362249
362692
363168
363653
364128
364576
365014
365480
365940
366381
366802
367249
367695
368168
368637
369064
369508
369971
370443
370899
371329
371776
372235
372650
373054
373467
373889
374345
374801
375253
375674
376100
376532
376984
377431
377878
378343
378812
379264
379705
380165
380639
381115
381577
382014
382453
382915
383397
383855
384288
384753
385227
385694
386156
386589
387036
387522
388009
388491
388925
389372
389861
390353
390849
391311
391733
392183
392666
393153
393629
394075
394557
395046
395534
395998
396431
396875
397337
397801
398240
398676
399162
399640
400101
400549
401021
401492
401964
402396
402816
403225
403629
404048
404470
404928
405394
405850
406293
406722
407170
407627
408079
408518
408987
409464
409930
410406
410917
411408
411878
412317
412796
413277
413756
414194
414647
415131
415629
416105
416582
417087
417591
418077
418522
418964
419421
419890
420347
420786
421277
421778
422276
422730
423154
423606
424069
424530
424953
425366
425820
426291
426775
427224
427668
428146
428629
429097
429526
429957
430431
430918
431373
431806
432257
432735
433208
433691
434136
434548
434973
435403
435838
436251
436690
437170
437670
438151
438590
439015
439476
439963
440471
440935
441399
441898
442422
442924
443363
443807
444326
444855
445346
445794
446273
446798
447321
447816
448283
448790
449303
449802
450272
450739
451243
451743
452216
452644
453089
453561
454043
454501
454942
455412
455901
456383
456841
457285
457779
458228
458647
459071
459479
459903
460359
460813
461266
461683
462089
462534
463011
463495
463973
464424
464900
465384
465867
466315
466749
467236
467748
468233
468699
469224
469741
470233
470699
471183
471696
472219
472696
473203
473741
474268
474762
475205
475678
476171
476676
477124
477583
478065
478576
479053
479541
480042
480526
481022
481535
482037
482517
482954
483406
483910
484404
484863
485299
485767
486267
486760
487242
487682
488132
488592
489019
489438
489862
490312
490813
491316
491781
492206
492659
493131
493606
494076
494504
494918
495333
495759
496201
496630
497090
497606
498112
498596
499076
499572
500061
500509
500928
501366
501823
502298
502750
503168
503605
504058
504514
504972
505429
505892
506364
506828
507248
507664
508111
508580
509036
509469
509887
510336
510769
511172
511564
511957
512366
512826
513307
513766
514248
514727
515184
515614
516059
516531
517004
517475
517893
518301
518717
519127
519532
519939
520371
520809
521318
521853
522347
522803
523283
523798
524316
524825
525325
525819
526262
526729
527233
527725
528159
528628
529099
529542
529953
530385
530884
531387
531879
532374
532885
533392
533881
534347
534804
535261
535710
536150
536585
537042
537453
537844
538236
538627
539039
539463
539903
540426
540943
541449
541928
542359
542828
543302
543768
544207
544617
545052
545523
546003
546494
546949
547412
547855
548271
548674
549073
549499
549948
550395
550812
551266
551730
552199
552686
553137
553598
554077
554550
555010
555423
555824
556211
556590
556987
557381
557838
558333
558821
559293
559804
560311
560753
561183
561652
562140
562606
563044
563523
564038
564527
564981
565489
565994
566470
566916
567383
567847
568303
568742
569208
569692
570163
570613
571093
571578
572058
572501
572938
573407
573895
574384
574848
575292
575768
576257
576723
577160
577630
578112
578582
579010
579473
579961
580449
580879
581313
581812
582273
582690
583111
583560
584029
584496
584932
585363
585829
586320
586796
587240
587658
588133
588632
589099
589550
590040
590539
591019
591462
591884
592346
592838
593335
593823
594278
594765
595274
595770
596291
596788
597299
597812
598322
598797
599247
599737
600265
600776
601259
601728
602217
602751
603272
603762
604218
604711
605211
605718
606172
606652
607146
607633
608087
608531
609015
609518
610034
610506
610971
611462
611956
612461
612915
613366
613873
614398
614893
615344
615823
616319
616815
617288
617726
618214
618741
619275
619755
620222
620728
621250
621723
622181
622678
623175
623641
624083
624563
625077
625592
626060
626527
627012
627506
627952
628401
628894
629394
629850
630287
630774
631281
631785
632256
632693
633159
633650
634152
634626
635123
635664
636193
636659
637108
637597
638095
638581
639053
639485
639930
640403
640894
641384
641852
642373
642926
643469
643949
644449
644969
645492
645940
646377
646894
647438
647981
648503
649029
649559
650075
650532
650958
651414
651918
652438
652917
653346
653792
654297
654817
655332
655802
656244
656731
657264
657758
658232
658739
659275
659825
660363
660837
661289
661792
662307
662818
663285
663723
664208
664715
665209
665666
666102
666558
667054
667590
668133
668624
669077
669587
670129
670637
671103
671599
672119
672651
673131
673606
674127
674647
675139
675586
676041
676537
676999
677433
677858
678317
678834
679364
679835
680287
680779
681261
681738
682173
682621
683106
683601
684071
684574
685086
685597
686103
686566
687022
687518
688036
688532
688985
689418
689891
690385
690892
691356
691806
692313
692822
693313
693765
694221
694711
695219
695703
696152
696628
697139
697655
698136
698605
699116
699617
700111
700577
701080
701601
702122
702578
703016
703498
704008
704499
704955
705401
705876
706401
706921
707388
707820
708265
708750
709261
709755
710242
710677
711097
711563
712035
712476
712892
713345
713814
714274
714705
715125
715555
715992
716428
716841
717253
717706
718121
718518
718923
719373
719838
720301
720735
721198
721707
722173
722621
723106
723590
724036
724455
724892
725357
725831
726279
726694
727139
727610
728086
728534
728943
729351
729795
730269
730743
731179
731601
732049
732535
733031
733496
733922
734364
734830
735296
735733
736187
736685
737176
737635
738058
738488
738952
739417
739874
740295
740704
741146
741652
742134
742574
743013
743503
744013
744481
744934
745429
745943
746415
746859
747335
747821
748292
748735
749155
749600
750074
750562
751024
751472
751961
752460
752924
753365
753854
754341
754807
755245
755715
756206
756702
757168
757598
758035
758515
759010
759499
759950
760386
760898
761418
761895
762339
762824
763339
763852
764331
764785
765309
765837
766336
766804
767317
767845
768325
768756
769225
769682
770120
770543
771004
771481
771943
772381
772814
773281
773768
774254
774699
775128
775601
776105
776591
777033
777497
778010
778515
778978
779417
779898
780419
780934
781405
781839
782285
782796
783319
783803
784252
784739
785243
785743
786237
786680
787145
787661
788189
788676
789181
789692
790190
790689
791175
791610
792030
792501
793015
793538
794069
794601
795140
795651
796140
796567
796976
797418
797877
798300
798723
799140
799573
800077
800583
801064
801526
801971
802451
802928
803398
803837
804260
804730
805260
805755
806234
806765
807312
807797
808303
808827
809331
809789
810209
810643
811115
811599
812087
812541
813007
813527
814048
814537
814983
815431
815925
816443
816942
817411
817837
818273
818773
819278
819769
820208
820646
821123
821596
822037
822461
822911
823373
823829
824262
824689
825158
825644
826132
826587
827050
827534
828022
828483
828929
829406
829908
830384
830834
831323
831826
832328
832781
833267
833782
834297
834806
835245
835708
836209
836723
837204
837666
838159
838657
839142
839585
840007
840463
840915
841343
841752
842185
842648
843106
843565
843990
844429
844906
845395
845860
846296
846755
847256
847764
848225
848657
849109
849573
850056
850512
850937
851364
851823
852308
852798
853257
853746
854266
854754
855203
855665
856139
856562
856979
857385
857807
858258
858705
859145
859600
860093
860564
861050
861563
862060
862535
863047
863580
864088
864538
864997
865494
865987
866447
866870
867314
867772
868249
868690
869152
869638
870110
870534
870954
871422
871909
872414
872900
873353
873831
874322
874755
875182
875630
876121
876607
877054
877484
877940
878410
878880
879334
879754
880185
880664
881167
881622
882060
882521
883008
883465
883892
884342
884835
885337
885830
886265
886677
887091
887529
887980
888438
888866
889271
889698
890161
890640
891121
891560
891977
892413
892873
893351
893799
894242
894732
895237
895723
896169
896598
897063
897572
898058
898503
898961
899431
899897
900337
900783
901266
901758
902211
902627
903046
903522
903986
904448
904887
905324
905789
906254
906693
907156
907643
908085
908510
908928
909329
909733
910166
910600
911021
911428
911816
912206
912620
913057
913512
913947
914381
914851
915352
915849
916303
916759
917221
917655
918065
918478
918917
919373
919815
920235
920670
921155
921645
922105
922595
923101
923584
924006
924417
924850
925313
925769
926206
926621
927053
927557
928023
928469
928898
929371
929859
930344
930799
931241
931722
932212
932675
933102
933528
933959
934355
934748
935120
935490
935888
936305
936729
937137
937571
938056
938552
939010
939441
939865
940306
940754
941175
941580
942003
942469
942947
943419
943855
944280
944764
945268
945753
946203
946680
947148
947599
948015
948416
948831
949273
949733
950179
950604
951021
951469
951933
952364
952767
953176
953571
953971
954417
954892
955379
955835
956258
956692
957165
957639
958078
958489
958901
959328
959775
960231
960659
961061
961470
961911
962349
962779
963203
963655
964129
964600
965061
965518
965989
966467
966899
967346
967840
968366
968843
969273
969728
970217
970719
971171
971645
972169
972676
973144
973571
974011
974494
975000
975463
975906
976411
976918
977378
977827
978296
978771
979245
979694
980118
980534
980967
981431
981899
982343
982763
983190
983656
984124
984559
984969
985366
985778
986223
986690
987154
987607
988051
988480
988931
989397
989837
990270
990721
991163
991580
991989
992438
992887
993332
993745
994149
994553
994989
995432
995862
996268
996678
997104
997532
997959
998367
998760
999170
999621
1000094
1000537
1000975
1001459
1001955
1002420
1002843
1003263
1003721
1004204
1004680
1005115
1005544
1006001
1006465
1006898
1007319
1007782
1008273
1008749
1009202
1009662
1010136
1010621
1011077
1011541
1012012
1012478
1012930
1013361
1013803
1014269
1014751
1015198
1015671
1016174
1016691
1017173
1017625
1018096
1018570
1019052
1019540
1019997
1020418
1020879
1021360
1021827
1022284
1022708
1023151
1023626
1024131
1024621
1025130
1025624
1026070
1026516
1026989
1027457
1027890
1028293
1028705
1029144
1029579
1030011
1030477
1030947
1031370
1031785
1032207
1032673
1033154
1033618
1034041
1034464
1034920
1035380
1035820
1036238
1036689
1037170
1037650
1038099
1038523
1038966
1039460
1039952
1040419
1040881
1041395
1041928
1042428
1042898
1043376
1043853
1044309
1044726
1045132
1045568
1046011
1046459
1046930
1047365
1047798
1048276
1048753
1049215
1049656
1050074
1050490
1050934
1051407
1051886
1052349
1052779
1053198
1053652
1054133
1054605
1055086
1055529
1055937
1056341
1056780
1057224
1057680
1058142
1058564
1058962
1059379
1059841
1060312
1060774
1061236
1061645
1062040
1062445
1062882
1063320
1063769
1064222
1064649
1065057
1065455
1065853
1066266
1066737
1067223
1067660
1068077
1068490
1068891
1069307
1069756
1070220
1070691
1071116
1071531
1071962
1072408
1072849
1073288
1073735
1074187
1074670
1075156
1075650
1076115
1076544
1076956
1077398
1077872
1078342
1078807
1079248
1079710
1080202
1080682
1081168
1081597
1082011
1082465
1082951
1083461
1083960
1084409
1084822
1085236
1085695
1086207
1086722
1087220
1087682
1088125
1088605
1089043
1089468
1089906
1090353
1090843
1091332
1091812
1092263
1092683
1093117
1093572
1094024
1094465
1094887
1095292
1095727
1096165
1096597
1097027
1097431
1097829
1098263
1098717
1099186
1099645
1100080
1100488
1100917
1101372
1101829
1102289
1102719
1103127
1103538
1103988
1104465
1104949
1105412
1105853
1106283
1106735
1107227
1107733
1108224
1108669
1109106
1109581
1110061
1110546
1110997
1111432
1111888
1112364
1112835
1113315
1113802
1114243
1114655
1115076
1115545
1116034
1116512
1116973
1117408
1117868
1118350
1118770
1119186
1119608
1120021
1120468
1120931
1121385
1121835
1122300
1122776
1123250
1123719
1124187
1124648
1125081
1125523
1126011
1126509
1126992
1127451
1127888
1128362
1128849
1129325
1129770
1130184
1130598
1131053
1131532
1132002
1132448
1132866
1133314
1133809
1134310
1134807
1135260
1135685
1136120
1136598
1137083
1137580
1138057
1138489
1138942
1139431
1139931
1140401
1140864
1141374
1141898
1142404
1142886
1143334
1143776
1144254
1144746
1145227
1145697
1146135
1146567
1147023
1147504
1147988
1148444
1148893
1149379
1149847
1150276
1150689
1151106
1151553
1152040
1152524
1152984
1153404
1153819
1154243
1154697
1155176
1155655
1156113
1156534
1156976
1157450
1157938
1158401
1158846
1159334
1159829
1160336
1160820
1161267
1161699
1162173
1162631
1163076
1163505
1163900
1164300
1164744
1165215
1165690
1166131
1166548
1167018
1167502
1167973
1168413
1168827
1169236
1169667
1170127
1170581
1171033
1171462
1171869
1172292
1172758
1173252
1173727
1174196
1174640
1175056
1175476
1175920
1176377
1176837
1177284
1177703
1178112
1178527
1178970
1179436
1179918
1180397
1180823
1181231
1181652
1182092
1182556
1183012
1183459
1183893
1184291
1184683
1185084
1185511
1185953
1186390
1186808
1187213
1187620
1188077
1188550
1189015
1189481
1189919
1190329
1190738
1191170
1191618
1192066
1192507
1192914
1193292
1193660
1194043
1194464
1194900
1195355
1195817
1196237
1196686
1197169
1197664
1198134
1198552
1198954
1199386
1199832
1200289
1200732
1201150
1201540
1201935
1202369
1202821
1203238
1203643
1204046
1204441
1204870
1205330
1205795
1206262
1206688
1207094
1207519
1207959
1208423
1208868
1209289
1209733
1210219
1210713
1211176
1211610
1212079
1212566
1213059
1213520
1213977
1214459
1214962
1215452
1215936
1216378
1216831
1217320
1217819
1218292
1218726
1219148
1219609
1220078
1220539
1220958
1221375
1221833
1222298
1222718
1223124
1223530
1223938
1224376
1224840
1225295
1225739
1226150
1226545
1226965
1227419
1227875
1228349
1228833
1229282
1229752
1230245
1230744
1231225
1231655
1232087
1232546
1233015
1233487
1233927
1234350
1234804
1235273
1235750
1236228
1236671
1237094
1237552
1238042
1238519
1238999
1239431
1239844
