288
746
1182
1656
2149
2627
3112
3614
4099
4624
5143
5643
6090
6569
7062
7529
7985
8483
9000
9485
9915
10376
10843
11250
11641
12038
12497
12985
13492
13989
14460
14936
15441
15940
16415
16897
17424
17960
18455
18899
19389
19901
20354
20870
21403
21953
22469
22937
23488
24056
24597
25091
25582
26108
26649
27178
27694
28233
28761
29271
29762
30283
30796
31259
31740
32279
32836
33332
33785
34289
34809
35291
35742
36223
36743
37269
37759
38244
38748
39238
39692
40183
40726
41279
41786
42280
42787
43258
43687
44102
44582
45074
45528
45969
46445
46945
47420
47865
48323
48812
49320
49806
50294
50799
51318
51814
52269
52746
53257
53771
54258
54722
55240
55764
56298
56797
57309
57830
58341
58806
59222
59677
60171
60683
61177
61652
62177
62731
63268
63787
64315
64839
65328
65800
66297
66853
67346
67767
68184
68575
68976
69471
70005
70535
71028
71518
72030
72572
73068
73550
74059
74596
75118
75604
76148
76700
77235
77735
78234
78766
79297
79821
80366
80920
81459
81972
82486
83015
83565
84080
84565
85067
85577
86089
86576
87061
87582
88100
88616
89115
89609
90107
90574
91024
91515
92038
92554
93054
93554
94092
94628
95124
95609
96117
96622
97102
97541
97956
98426
98961
99500
99998
100446
100916
101411
101878
102299
102743
103187
103591
104001
104423
104873
105288
105737
106172
106605
107007
107382
107762
108174
108630
109101
109553
109970
110420
110898
111374
111825
112247
112723
113238
113749
114232
114721
115216
115691
116150
116592
117022
117478
117967
118455
118921
119353
119832
120365
120883
121362
121832
122335
122841
123338
123795
124253
124748
125232
125698
126122
126552
127039
127550
128035
128488
128977
129481
129988
130443
130859
131272
131710
132271
132796
133294
133744
134202
134708
135247
135766
136242
136680
137147
137627
138127
138649
139144
139634
140125
140606
141066
141511
141998
142509
143035
143540
144018
144529
145044
145560
146033
146488
146982
147475
147934
148359
148845
149351
149838
150285
150739
151205
151676
152151
152620
153096
153604
154107
154585
155071
155559
156069
156559
157029
157496
157955
158379
158778
159228
159753
160314
160820
161277
161761
162269
162769
163234
163690
164180
164674
165165
165649
166180
166695
167192
167654
168101
168532
168940
169376
169863
170338
170774
171237
171743
172269
172785
173264
173771
174296
174809
175279
175710
176171
176687
177222
177742
178287
178836
179351
179833
180315
180873
181420
181931
182410
182953
183529
184102
184624
185124
185654
186221
186772
187305
187813
188313
188842
189383
189884
190359
190886
191422
191960
192473
192998
193530
194049
194542
195009
195493
196005
196531
196991
197400
197822
198303
198814
199334
199819
200304
200805
201305
201802
202279
202752
203227
203703
204210
204752
205247
205720
206248
206770
207277
207734
208197
208682
209102
209541
210044
210560
211103
211659
212193
212692
213175
213682
214218
214745
215231
215717
216235
216769
217284
217799
218319
218825
219293
219814
220345
220846
221301
221776
222277
222787
223284
223794
224316
224830
225314
225821
226325
226819
227282
227719
228178
228675
229134
229545
229940
230391
230911
231449
231974
232468
232945
233390
233843
234312
234778
235245
235687
236101
236554
237060
237552
238030
238462
238881
239341
239803
240256
240713
241192
241703
242208
242674
243099
243550
244031
244532
245011
245453
245903
246397
246905
247390
247861
248349
248842
249317
249778
250263
250773
251279
251754
252226
252705
253198
253677
254161
254635
255106
255569
256019
256495
256987
257465
257907
258368
258867
259375
259855
260342
260859
261396
261889
262374
262886
263416
263920
264417
264900
265362
265786
266256
266754
267289
267807
268324
268868
269401
269899
270363
270848
271335
271823
272298
272763
273229
273686
274089
274487
274926
275411
275915
276379
276807
277266
277722
278158
278554
278933
279356
279814
280285
280755
281215
281706
282213
282715
283198
283679
284198
284706
285199
285680
286149
286662
287199
287718
288215
288720
289249
289781
290285
290753
291197
291686
292204
292748
293258
293766
294325
294871
295392
295901
296420
296896
297416
297930
298411
298947
299510
300066
300591
301142
301717
302241
302712
303237
303800
304304
304785
305322
305861
306344
306858
307368
307845
308354
308883
309397
309894
310434
310990
311538
312019
312508
313008
313476
313943
314411
314918
315412
315897
316370
316894
317413
317927
318419
318877
319332
319836
320360
320874
321365
321874
322399
322934
323454
323932
324389
324887
325429
325932
326413
326939
327503
328062
328582
329103
329648
330198
330713
331192
331658
332101
332525
332992
333515
334047
334551
335030
335530
336049
336569
337066
337555
338050
338565
339060
339513
339980
340480
341020
341547
342042
342563
343091
343614
344111
344588
345089
345613
346126
346620
347090
347586
348110
348638
349135
349647
350186
350720
351226
351746
352280
352800
353293
353765
354249
354777
355307
355824
356320
356845
357394
357944
358440
358897
359355
359853
360373
360870
361324
361806
362336
362877
363377
363858
364370
364882
365384
365848
366296
366738
367171
367583
368020
368528
369063
369581
370078
370577
371106
371629
372119
372618
373131
373660
374152
374622
375119
375648
376188
376700
377203
377718
378224
378692
379175
379706
380234
380745
381289
381843
382371
382877
383409
383956
384494
384985
385474
385949
386451
386968
387453
388012
388587
389147
389662
390147
390653
391176
391662
392131
392641
393170
393702
394204
394673
395151
395673
396200
396691
397186
397699
398238
398761
399265
399785
400293
400792
401267
401719
402206
402719
403229
403704
404183
404695
405213
405729
406226
406728
407215
407663
408106
408605
409138
409690
410171
410650
411165
411691
412187
412643
413142
413683
414247
414787
415298
415830
416355
416871
417360
417843
418341
418852
419350
419835
420307
420806
421312
421801
422296
422803
423319
423829
424304
424782
425285
425805
426328
426803
427262
427746
428249
428750
429223
429689
430185
430699
431192
431646
432107
432583
433109
433641
434153
434687
435234
435780
436305
436792
437239
437723
438240
438770
439288
439801
440330
440862
441372
441850
442343
442839
443346
443805
444276
444790
445314
445845
446352
446871
447400
447940
448459
448951
449450
449933
450379
450861
451382
451922
452407
452892
453352
453782
454269
454756
455240
455777
456308
456805
457279
457765
458245
458706
459139
459543
459965
460443
460953
461460
461937
462437
462950
463470
463972
464461
464960
465458
465941
466394
466836
467308
467768
468236
468674
469093
469525
469984
470463
470927
471368
471823
472274
472723
473182
473662
474156
474653
475116
475590
476098
476611
477096
477582
478095
478616
479108
479561
480079
480623
481177
481712
482193
482698
483223
483739
484237
484774
485333
485855
486357
486879
487403
487900
488354
488833
489341
489858
490348
490838
491326
491796
492273
492785
493305
493794
494229
494668
495161
495680
496166
496662
497185
497713
498224
498701
499161
499646
500156
500654
501148
501669
502196
502727
503211
503700
504213
504717
505180
505647
506154
506688
507230
507740
508244
508762
509266
509771
510239
510672
511152
511663
512190
512710
513209
513691
514167
514664
515163
515641
516122
516623
517137
517651
518137
518593
519063
519569
520083
520561
521022
521519
522026
522538
523011
523481
523978
524475
524956
525401
525877
526402
526930
527423
527885
528350
528859
529373
529862
530305
530763
531233
531718
532186
532632
533084
533565
534062
534547
535009
535501
536013
536522
537004
537479
537971
538474
538963
539417
539835
540258
540721
541158
541580
542027
542518
543014
543489
543957
544438
544924
545389
545835
546303
546786
547310
547803
548281
548786
549309
549807
550289
550800
551314
551792
552244
552734
553264
553822
554350
554870
555402
555952
556483
556998
557530
558077
558625
559135
559633
560168
560725
561243
561737
562258
562767
563244
563681
564113
564589
565086
565579
566069
566510
566956
567431
567905
568391
568835
569246
569643
570097
570616
571135
571640
572128
572612
573070
573498
573958
574466
574985
575487
575953
576405
576872
577348
577812
578231
578669
579139
579583
580017
580471
580979
581496
581999
582482
582947
583432
583932
584449
584973
585494
585974
586459
586998
587560
588129
588672
589178
589666
590167
590685
591195
591695
592184
592709
593227
593730
594201
594684
595158
595624
596088
596574
597045
597510
597940
598383
598851
599352
599848
600323
600831
601355
601875
602366
602833
603320
603847
604358
604853
605363
605840
606281
606749
607240
607740
608216
608703
609229
609761
610262
610783
611302
611794
612305
612838
613347
613851
614376
614869
615341
615837
616339
616814
617293
617788
618280
618776
619299
619808
620310
620814
621306
621796
622333
622879
623402
623913
624442
624963
625467
625993
626531
627049
627553
628059
628538
628995
629489
630006
630499
630989
631512
632043
632540
633036
633553
634098
634615
635089
635604
636129
636651
637197
637753
638270
638773
639292
639803
640266
640697
641178
641667
642183
642685
643196
643708
644249
644783
645301
645796
646317
646862
647385
647883
648405
648939
649438
649925
650432
650981
651490
652012
652560
653077
653613
654152
654679
655180
655724
656311
656886
657438
657989
658548
659090
659603
660140
660684
661224
661737
662278
662820
663329
663865
664410
664924
665383
665841
666387
666955
667501
667995
668437
668857
669312
669842
670335
670806
671256
671744
672255
672775
673297
673788
674270
674760
675253
675749
676218
676641
677055
677462
677860
678255
678665
679162
679693
680151
680589
681044
681476
681927
682422
682930
683457
683948
684433
684930
685444
685965
686484
687025
687559
688087
688599
689103
689629
690157
690658
691122
691617
692128
692646
693142
693615
694106
694618
695134
695620
696072
696556
697046
697485
697940
698362
698782
699235
699690
700127
700589
701081
701577
702071
702552
703032
703515
704024
704466
704881
705349
705838
706355
706893
707435
707950
708469
708977
709497
709997
710513
711060
711590
712082
712573
713056
713525
713957
714404
714890
715394
715869
716318
716797
717298
717802
718291
718763
719244
719728
720201
720649
721116
721610
722097
722588
723089
723599
724104
724600
725103
725606
726086
726571
727092
727612
728100
728548
728976
729386
729785
730194
730647
731166
731672
732171
732691
733197
733695
734226
734755
735267
735786
736343
736914
737432
737932
738473
739039
739586
740125
740700
741257
741786
742315
742883
743438
743983
744497
745035
745594
746147
746652
747156
747659
748155
748667
749215
749776
750270
750757
751294
751851
752382
752887
753422
753969
754498
755006
755512
756043
756540
757002
757449
757945
758468
758988
759476
759988
760492
760976
761433
761919
762419
762904
763370
763881
764428
764982
765500
766031
766577
767104
767599
768091
768616
769155
769687
770198
770742
771282
771809
772291
772784
773313
773844
774348
774813
775326
775857
776378
776860
777356
777856
778358
778842
779370
779918
780452
780954
781487
782042
782573
783079
783606
784145
784657
785163
785710
786242
786761
787316
787861
788361
788872
789409
789940
790446
790977
791529
792045
792547
793084
793633
794167
794677
795216
795760
796281
796785
797295
797820
798286
798708
799136
799633
800165
800665
801145
801674
802239
802767
803281
803814
804339
804823
805310
805812
806284
806785
807301
807784
808286
808792
809277
809787
810327
810874
811379
811871
812392
812912
813369
813796
814238
814725
815228
815718
816183
816671
817172
817686
818174
818676
819189
819700
820198
820691
821218
821745
822225
822670
823139
823617
824092
824563
825085
825622
826139
826652
827134
827624
828142
828654
829150
829653
830167
830682
831207
831755
832286
832795
833300
833821
834327
834824
835351
835870
836362
836865
837386
837889
838365
838828
839272
839724
840167
840579
841024
841569
842101
842584
843040
843539
844031
844485
844951
845470
845963
846421
846884
847370
847868
848345
848854
849404
849943
850444
850931
851451
851972
852439
852923
853439
853932
854443
854982
855525
856025
856561
857118
857665
858170
858645
859118
859680
860210
860702
861207
861741
862274
862773
863276
863786
864279
864775
865300
865824
866314
866828
867365
867902
868411
868938
869463
869967
870436
870959
871518
872011
872498
873039
873600
874139
874642
875172
875697
876217
876716
877256
877812
878326
878832
879365
879895
880387
880824
881286
881828
882378
882887
883380
883930
884478
885007
885501
886011
886545
887063
887556
888080
888606
889103
889558
890033
890544
891076
891576
892059
892557
893061
893525
893946
894364
894846
895387
895963
896505
897016
897548
898074
898588
899092
899617
900158
900653
901148
901675
902212
902694
903141
903618
904122
904622
905160
905702
906219
906705
907192
907672
908130
908570
909040
909533
910032
910507
910943
911412
911903
912384
912853
913348
913868
914402
914918
915410
915886
916377
916874
917364
917815
918258
918733
919162
919597
920098
920584
921057
921558
922069
922559
923038
923538
924051
924543
925031
925550
926083
926588
927040
927517
928021
928511
928990
929560
930148
930682
931210
931757
932310
932840
933347
933893
934439
934962
935481
936004
936518
936984
937448
937936
938459
938928
939377
939879
940413
940940
941434
941909
942399
942879
943350
943815
944322
944838
945350
945835
946325
946814
947301
947755
948225
948728
949238
949721
950211
950723
951248
951737
952187
952675
953188
953694
954192
954708
955217
955697
956144
956610
957094
957591
958063
958530
959023
959530
960025
960494
960982
961480
961950
962401
962877
963382
963861
964309
964798
965301
965804
966284
966774
967281
967777
968263
968787
969321
969833
970314
970826
971359
971866
972332
972809
973310
973787
974247
974741
975272
975809
976323
976819
977316
977828
978324
978826
979353
979882
980373
980845
981327
981823
982289
982763
983266
983772
984229
984652
985057
985500
986033
986554
987067
987578
988081
988576
989048
989489
989949
990427
990905
991375
991867
992372
992892
993383
993899
994394
994887
995367
995847
996349
996853
997355
997862
998354
998842
999349
999864
1000380
1000888
1001394
1001888
1002367
1002835
1003313
1003794
1004245
1004695
1005129
1005543
1005963
1006387
1006814
1007304
1007793
1008281
1008734
1009193
1009665
1010149
1010615
1011082
1011572
1012072
1012558
1013036
1013567
1014113
1014631
1015133
1015641
1016117
1016607
1017110
1017593
1018063
1018557
1019061
1019536
1020006
1020491
1020985
1021455
1021921
1022418
1022931
1023445
1023944
1024454
1024950
1025428
1025881
1026354
1026844
1027315
1027784
1028287
1028794
1029286
1029797
1030329
1030839
1031314
1031792
1032250
1032687
1033145
1033665
1034198
1034716
1035248
1035774
1036303
1036792
1037255
1037726
1038215
1038694
1039161
1039671
1040190
1040679
1041182
1041705
1042229
1042720
1043189
1043683
1044208
1044731
1045223
1045686
1046173
1046725
1047300
1047859
1048389
1048907
1049458
1050002
1050545
1051067
1051567
1052024
1052504
1053038
1053568
1054081
1054560
1055040
1055574
1056098
1056601
1057086
1057538
1057974
1058437
1058961
1059483
1059966
1060414
1060877
1061383
1061921
1062438
1062940
1063407
1063841
1064287
1064765
1065273
1065787
1066280
1066754
1067188
1067623
1068127
1068676
1069213
1069746
1070240
1070684
1071139
1071656
1072199
1072736
1073246
1073714
1074176
1074691
1075217
1075736
1076241
1076715
1077148
1077594
1078078
1078574
1079081
1079590
1080082
1080531
1080967
1081427
1081927
1082450
1082960
1083436
1083876
1084319
1084794
1085295
1085789
1086266
1086708
1087146
1087619
1088119
1088625
1089125
1089591
1090036
1090506
1091029
1091550
1092062
1092542
1092990
1093453
1093952
1094483
1094989
1095457
1095891
1096322
1096778
1097265
1097756
1098225
1098680
1099133
1099601
1100103
1100609
1101100
1101570
1102003
1102423
1102869
1103381
1103903
1104413
1104894
1105333
1105762
1106217
1106696
1107207
1107700
1108188
1108673
1109152
1109598
1110027
1110479
1110991
1111513
1112008
1112496
1112949
1113381
1113845
1114347
1114859
1115321
1115732
1116136
1116552
1116960
1117353
1117752
1118154
1118550
1118982
1119433
1119872
1120284
1120703
1121158
1121648
1122139
1122623
1123098
1123551
1123978
1124415
1124921
1125477
1126021
1126521
1127004
1127504
1128008
1128489
1128979
1129465
1129939
1130382
1130815
1131277
1131781
1132300
1132806
1133294
1133752
1134199
1134670
1135160
1135649
1136139
1136620
1137061
1137507
1137975
1138459
1138944
1139429
1139893
1140336
1140795
1141265
1141732
1142169
1142579
1143004
1143454
1143887
1144317
1144766
1145250
1145770
1146278
1146778
1147267
1147732
1148197
1148691
1149215
1149752
1150240
1150702
1151189
1151703
1152232
1152746
1153244
1153736
1154221
1154710
1155197
1155670
1156124
1156589
1157078
1157569
1158035
1158499
1158965
1159388
1159820
1160291
1160803
1161319
1161826
1162304
1162760
1163221
1163688
1164151
1164582
1165019
1165427
1165838
1166265
1166722
1167178
1167595
1167996
1168391
1168778
1169154
1169522
1169890
1170337
1170775
1171179
1171616
1172088
1172551
1172964
1173370
1173806
1174238
1174668
1175122
1175607
1176123
1176619
1177061
1177475
1177912
1178391
1178913
1179432
1179922
1180391
1180876
1181392
1181918
1182400
1182879
1183354
1183812
1184264
1184747
1185288
1185822
1186341
1186809
1187260
1187729
1188228
1188733
1189230
1189713
1190179
1190631
1191102
1191572
1192061
1192539
1193035
1193520
1193990
1194434
1194911
1195411
1195905
1196336
1196746
1197143
1197539
1197937
1198317
1198706
1199120
1199575
1200030
1200470
1200917
1201349
1201795
1202263
1202757
1203253
1203732
1204218
1204716
1205224
1205706
1206176
1206643
1207122
1207587
1208035
1208479
1208935
1209383
1209827
1210247
1210647
1211044
1211446
1211840
1212227
1212604
1212978
1213363
1213802
1214259
1214722
1215151
1215615
1216100
1216514
1216912
1217313
1217747
1218185
1218610
1219044
1219535
1220031
1220531
1221036
1221511
1221940
1222388
1222874
1223385
1223888
1224364
1224824
1225286
1225755
1226227
1226685
1227111
1227536
1227972
1228433
1228907
1229385
1229850
1230330
1230834
1231328
1231827
1232342
1232857
1233349
1233812
1234279
1234771
1235301
1235799
1236256
1236739
1237283
1237852
1238398
1238886
1239382
1239891
