398
841
1274
1674
2080
2496
2922
3353
3783
4188
4584
4992
5411
5839
6264
6690
7107
7504
7894
8292
8700
9130
9563
9989
10395
10781
11170
11572
11997
12433
12847
13248
13669
14103
14556
15012
15453
15859
16270
16691
17134
17581
18018
18427
18828
19251
19703
20171
20615
21039
21486
21961
22433
22886
23312
23757
24212
24671
25126
25540
25954
26384
26845
27311
27754
28159
28588
29039
29503
29965
30382
30807
31251
31718
32177
32631
33091
33547
34005
34432
34868
35319
35773
36224
36652
37105
37570
38028
38435
38860
39311
39747
40198
40660
41119
41539
41986
42455
42945
43400
43864
44327
44748
45192
45665
46154
46647
47102
47558
48026
48468
48928
49421
49923
50411
50881
51367
51862
52358
52818
53299
53783
54267
54722
55200
55700
56190
56661
57149
57646
58145
58642
59088
59550
60046
60553
61057
61533
62030
62530
63005
63478
63970
64474
64948
65423
65916
66428
66951
67455
67951
68396
68848
69314
69800
70298
70790
71271
71742
72229
72722
73203
73676
74163
74657
75144
75587
76039
76505
76983
77479
77959
78395
78837
79306
79796
80289
80768
81227
81680
82147
82624
83102
83573
84009
84450
84917
85393
85863
86309
86777
87260
87747
88194
88643
89102
89577
90050
90495
90927
91324
91753
92220
92701
93146
93601
94071
94551
95021
95476
95941
96413
96883
97350
97773
98198
98640
99102
99593
100042
100510
100994
101491
102002
102482
102947
103420
103907
104394
104851
105304
105772
106259
106753
107238
107725
108196
108618
109012
109425
109876
110363
110850
111331
111818
112318
112790
113260
113733
114210
114686
115143
115581
116040
116521
117010
117496
117967
118409
118821
119230
119683
120178
120673
121173
121678
122184
122677
123162
123635
124092
124543
125004
125468
125919
126374
126841
127321
127767
128219
128683
129147
129580
130018
130476
130956
131427
131875
132340
132806
133275
133720
134158
134612
135086
135552
135991
136452
136933
137421
137874
138327
138787
139283
139771
140211
140648
141111
141588
142078
142554
143011
143471
143951
144431
144870
145315
145783
146275
146764
147253
147732
148187
148616
149055
149513
150006
150516
150994
151480
151978
152472
152957
153414
153884
154361
154835
155303
155740
156176
156626
157090
157560
158027
158470
158931
159393
159860
160311
160746
161187
161642
162108
162567
162990
163413
163836
164234
164631
165072
165511
165919
166355
166818
167299
167771
168211
168660
169112
169551
169984
170434
170903
171370
171817
172272
172740
173211
173646
174090
174552
175037
175527
175990
176452
176933
177429
177895
178365
178867
179365
179860
180325
180779
181250
181737
182232
182727
183199
183672
184160
184648
185136
185589
186062
186548
187029
187510
187982
188449
188935
189428
189903
190378
190865
191362
191850
192301
192768
193257
193745
194204
194666
195149
195646
196121
196596
197096
197605
198100
198559
199037
199533
200035
200503
200978
201471
201979
202473
202980
203483
203988
204478
204951
205436
205925
206417
206892
207357
207827
208305
208786
209262
209705
210167
210640
211124
211579
212044
212534
213017
213473
213951
214446
214946
215405
215860
216328
216808
217298
217758
218210
218676
219164
219661
220153
220613
221065
221527
222015
222498
222956
223432
223926
224408
224889
225380
225874
226362
226824
227277
227692
228136
228606
229071
229498
229933
230384
230859
231348
231831
232283
232755
233243
233736
234213
234667
235138
235616
236099
236566
237013
237468
237936
238394
238856
239345
239839
240313
240787
241266
241742
242178
242629
243104
243578
244026
244495
244980
245448
245907
246373
246850
247321
247752
248201
248664
249133
249585
250037
250500
250972
251432
251872
252318
252775
253239
253668
254116
254578
255050
255499
255933
256382
256845
257308
257748
258209
258690
259172
259635
260085
260548
261020
261483
261931
262391
262857
263321
263767
264209
264672
265139
265582
266032
266489
266959
267426
267881
268342
268810
269274
269731
270185
270652
271129
271601
272050
272498
272950
273404
273826
274261
274702
275146
275562
275998
276466
276950
277417
277876
278352
278835
279304
279757
280223
280694
281137
281586
282050
282514
282947
283376
283816
284283
284763
285233
285713
286206
286697
287159
287626
288095
288567
289000
289444
289909
290371
290810
291273
291756
292222
292676
293143
293607
294044
294481
294933
295400
295869
296317
296794
297296
297812
298301
298800
299304
299792
300236
300683
301147
301623
302103
302560
302974
303374
303839
304338
304833
305316
305791
306256
306717
307129
307544
307979
308432
308885
309333
309773
310187
310602
311035
311478
311925
312337
312769
313225
313693
314139
314589
315052
315516
315956
316399
316860
317321
317775
318219
318634
319058
319496
319950
320415
320875
321307
321725
322156
322613
323085
323555
323998
324432
324870
325329
325805
326282
326751
327198
327641
328087
328542
329009
329457
329914
330385
330860
331311
331762
332223
332691
333158
333608
334078
334557
335042
335522
335987
336437
336892
337366
337846
338333
338810
339251
339687
340137
340621
341117
341588
342055
342533
343020
343515
343992
344435
344886
345360
345846
346321
346768
347236
347725
348220
348681
349147
349625
350110
350594
351051
351505
351971
352447
352928
353383
353841
354305
354783
355263
355721
356192
356679
357165
357649
358111
358576
359045
359525
360006
360451
360907
361359
361820
362258
362709
363183
363666
364150
364619
365082
365561
366042
366515
366953
367404
367860
368318
368756
369191
369644
370110
370526
370955
371404
371839
372292
372756
373216
373643
374077
374533
375004
375480
375923
376371
376831
377304
377745
378199
378661
379133
379606
380048
380489
380938
381398
381863
382302
382754
383220
383686
384127
384584
385061
385548
386010
386473
386948
387425
387907
388381
388827
389286
389755
390223
390679
391118
391565
392028
392500
392950
393405
393867
394337
394800
395248
395709
396180
396649
397093
397538
397986
398453
398904
399347
399804
400290
400756
401222
401701
402180
402666
403119
403577
404040
404503
404955
405384
405821
406293
406782
407249
407719
408194
408675
409127
409574
410028
410500
410953
411408
411874
412343
412805
413246
413696
414164
414645
415104
415561
416026
416502
416980
417449
417924
418399
418866
419306
419746
420194
420653
421091
421540
422004
422473
422921
423387
423868
424357
424813
425267
425726
426186
426649
427089
427531
427989
428461
428908
429358
429818
430270
430698
431142
431598
432066
432508
432963
433423
433895
434360
434800
435252
435713
436178
436641
437078
437515
437968
438436
438900
439346
439780
440215
440659
441111
441548
442000
442462
442935
443377
443815
444249
444695
445120
445562
446032
446508
446955
447405
447867
448323
448758
449191
449638
450103
450574
451018
451470
451943
452428
452889
453363
453829
454292
454728
455179
455645
456115
456566
457020
457484
457954
458412
458858
459312
459768
460222
460655
461089
461529
461984
462442
462876
463271
463653
464103
464573
465053
465534
466020
466501
466965
467419
467845
468241
468632
469034
469450
469875
470300
470718
471133
471531
471913
472311
472756
473214
473663
474097
474566
475056
475524
475982
476457
476927
477380
477812
478245
478679
479112
479540
479984
480434
480901
481359
481821
482276
482735
483178
483634
484097
484569
485025
485475
485943
486416
486884
487322
487744
488155
488571
489022
489509
490018
490525
491015
491479
491946
492414
492885
493345
493797
494230
494660
495090
495525
495971
496410
496826
497248
497684
498136
498587
499027
499476
499926
500371
500793
501222
501655
502082
502508
502945
503389
503830
504235
504648
505073
505519
505974
506404
506833
507265
507714
508161
508587
509007
509441
509888
510346
510802
511229
511666
512107
512556
513005
513440
513896
514364
514829
515285
515727
516175
516627
517062
517499
517946
518402
518829
519274
519729
520198
520638
521082
521530
521981
522408
522819
523241
523679
524135
524598
525051
525504
525964
526421
526881
527325
527737
528155
528576
529022
529484
529946
530390
530822
531267
531720
532171
532612
533022
533444
533869
534306
534751
535172
535608
536052
536503
536948
537369
537802
538253
538717
539179
539611
540051
540499
540956
541391
541831
542277
542733
543174
543610
544054
544506
544964
545417
545853
546290
546736
547178
547602
548034
548472
548919
549354
549781
550206
550642
551080
551497
551919
552351
552805
553259
553708
554168
554638
555100
555546
555981
556416
556865
557330
557797
558262
558716
559139
559555
559952
560325
560707
561175
561652
562122
562559
562961
563365
563802
564238
564665
565079
565493
565899
566299
566691
567076
567442
567821
568211
568628
569065
569503
569939
570365
570812
571262
571721
572183
572604
573020
573442
573872
574308
574742
575156
575575
576013
576455
576893
577316
577751
578202
578662
579115
579534
579950
580361
580783
581188
581611
582053
582509
582948
583394
583854
584329
584795
585231
585678
586143
586612
587067
587504
587950
588415
588892
589360
589804
590254
590715
591175
591619
592040
592464
592898
593353
593807
594235
594665
595099
595541
595988
596408
596830
597254
597684
598117
598535
598945
599351
599771
600198
600624
601034
601446
601865
602314
602766
603214
603651
604095
604546
604998
605450
605894
606316
606734
607154
607582
608019
608460
608887
609289
609710
610155
610618
611079
611511
611943
612384
612847
613302
613732
614174
614624
615072
615514
615946
616373
616804
617249
617699
618134
618572
619023
619472
619907
620348
620799
621248
621674
622113
622562
623015
623467
623894
624328
624773
625227
625680
626103
626535
626980
627439
627896
628332
628781
629239
629698
630145
630573
631008
631460
631921
632358
632798
633241
633695
634143
634577
635022
635485
635950
636379
636821
637273
637733
638180
638613
639049
639495
639962
640405
640867
641339
641817
642288
642729
643179
643635
644092
644529
644966
645411
645866
646324
646775
647222
647683
648157
648618
649054
649491
649926
650353
650779
651220
651679
652125
652584
653065
653547
654007
654444
654875
655314
655767
656198
656651
657126
657613
658087
658544
659014
659495
659965
660408
660859
661318
661786
662240
662685
663143
663617
664090
664544
665001
665468
665946
666416
666856
667302
667757
668223
668662
669117
669590
670074
670532
670998
671477
671956
672416
672851
673292
673754
674230
674700
675168
675649
676136
676603
677062
677530
678006
678461
678925
679404
679895
680359
680826
681292
681753
682195
682650
683111
683567
684011
684465
684924
685361
685813
686272
686730
687166
687609
688067
688528
688995
689439
689895
690362
690829
691285
691750
692218
692688
693143
693590
694043
694510
694968
695408
695856
696311
696773
697215
697674
698146
698613
699053
699505
699956
700420
700874
701314
701770
702237
702721
703203
703650
704104
704558
705006
705435
705870
706318
706771
707208
707662
708123
708582
709014
709460
709919
710374
710815
711243
711673
712112
712536
712960
713392
713836
714267
714690
715115
715539
715945
716328
716727
717119
717489
717852
718272
718718
719178
719643
720108
720563
721015
721449
721887
722335
722784
723232
723661
724101
724551
725010
725474
725941
726389
726849
727316
727785
728242
728690
729138
729602
730074
730542
730990
731449
731933
732413
732856
733309
733770
734225
734642
735070
735501
735952
736415
736858
737304
737765
738236
738687
739145
739612
740081
740524
740976
741444
741909
742362
742814
743279
743756
744215
744658
745127
745612
746105
746571
747033
747501
747976
748426
748879
749345
749813
750250
750690
751140
751596
752044
752490
752946
753405
753869
754306
754742
755151
755547
755952
756442
756936
757438
757932
758423
758907
759377
759841
760296
760742
761177
761599
762013
762422
762826
763227
763632
764043
764463
764875
765300
765741
766189
766622
767058
767502
767946
768363
768789
769226
769665
770074
770488
770904
771340
771785
772199
772599
773003
773419
773840
774242
774656
775077
775502
775907
776325
776762
777207
777646
778070
778501
778932
779361
779756
780164
780584
781015
781428
781866
782318
782783
783248
783696
784142
784587
785033
785474
785910
786354
786796
787239
787659
788080
788509
788952
789411
789862
790278
790685
791106
791562
792040
792512
792957
793400
793852
794312
794759
795188
795615
796043
796473
796885
797304
797732
798171
798604
799030
799460
799903
800352
800779
801187
801598
802030
802496
802960
803422
803886
804309
804705
805102
805496
805909
806334
806759
807160
807585
808019
808460
808882
809330
809783
810232
810663
811099
811545
812000
812461
812907
813359
813835
814322
814790
815236
815691
816157
816621
817058
817497
817945
818399
818838
819276
819721
820163
820604
821055
821513
821964
822410
822863
823327
823774
824223
824671
825127
825563
826010
826464
826914
827341
827778
828224
828676
829127
829553
829981
830416
830855
831286
831731
832195
832648
833106
833581
834072
834572
835067
835532
835983
836441
836909
837373
837831
838260
838691
839135
839592
840051
840488
840923
841371
841829
842305
842786
843233
843644
844045
844457
844941
845428
845908
846388
846866
847334
847802
848253
848699
849146
849588
850029
850471
850918
851360
851796
852245
852716
853190
853656
854098
854533
854980
855450
855928
856396
856837
857282
857754
858252
858734
859214
859691
860156
860587
861021
861462
861904
862344
862800
863266
863714
864171
864638
865089
865541
866001
866450
866894
867353
867816
868271
868708
869153
869599
870045
870478
870925
871374
871825
872260
872704
873158
873626
874078
874535
875001
875470
875918
876361
876807
877263
877692
878102
878520
878960
879406
879862
880275
880687
881124
881565
881994
882436
882881
883330
883775
884200
884624
885056
885496
885948
886398
886827
887269
887730
888197
888666
889124
889556
889991
890437
890894
891347
891787
892234
892697
893149
893583
894025
894470
894900
895346
895802
896259
896690
897131
897584
898054
898501
898961
899426
899886
900327
900784
901249
901704
902148
902603
903067
903522
903978
904428
904882
905327
905775
906235
906712
907189
907656
908132
908620
909089
909566
910045
910516
910953
911390
911833
912285
912746
913179
913628
914090
914568
915041
915504
915976
916454
916929
917386
917813
918241
918686
919146
919616
920083
920517
920954
921410
921885
922367
922835
923300
923770
924240
924710
925173
925640
926103
926563
927000
927448
927911
928380
928831
929287
929747
930206
930642
931088
931541
931994
932426
932867
933326
933781
934207
934633
935060
935477
935885
936302
936729
937167
937603
938029
938457
938899
939353
939803
940234
940671
941103
941544
941983
942405
942835
943283
943746
944209
944655
945088
945532
945986
946451
946911
947348
947784
948222
948681
949150
949612
950062
950486
950894
951291
951683
952080
952597
953103
953608
954111
954608
955086
955549
955998
956441
956868
957289
957700
958107
958507
958907
959309
959722
960138
960565
960999
961427
961853
962293
962742
963199
963650
964092
964518
964939
965361
965789
966205
966613
967020
967437
967872
968286
968715
969151
969591
970019
970457
970909
971349
971788
972230
972670
973104
973514
973929
974353
974788
975209
975633
976059
976486
976920
977341
977772
978209
978628
979056
979505
979966
980427
980880
981320
981737
982162
982595
983042
983478
983909
984344
984782
985223
985647
986047
986441
986847
987282
987732
988187
988633
989081
989540
990005
990462
990904
991342
991784
992225
992667
993106
993526
993930
994340
994776
995239
995716
996196
996669
997131
997599
998076
998552
999017
999473
999908
1000339
1000772
1001217
1001646
1002094
1002555
1003008
1003441
1003880
1004324
1004758
1005182
1005586
1005971
1006371
1006791
1007198
1007608
1008036
1008478
1008923
1009378
1009822
1010257
1010690
1011129
1011577
1012018
1012449
1012889
1013344
1013802
1014237
1014677
1015122
1015584
1016056
1016504
1016974
1017456
1017933
1018379
1018834
1019291
1019737
1020172
1020605
1021040
1021482
1021937
1022369
1022808
1023261
1023735
1024213
1024671
1025133
1025607
1026079
1026551
1027002
1027420
1027842
1028268
1028717
1029178
1029610
1030056
1030520
1030990
1031447
1031916
1032389
1032856
1033301
1033741
1034180
1034631
1035069
1035521
1035981
1036443
1036879
1037324
1037776
1038231
1038668
1039094
1039530
1039982
1040443
1040881
1041322
1041775
1042233
1042686
1043138
1043585
1044044
1044508
1044976
1045441
1045900
1046345
1046796
1047267
1047757
1048248
1048718
1049172
1049631
1050092
1050552
1050997
1051416
1051841
1052283
1052738
1053188
1053628
1054048
1054472
1054911
1055363
1055812
1056271
1056745
1057223
1057703
1058159
1058573
1058966
1059348
1059775
1060244
1060734
1061229
1061720
1062202
1062675
1063146
1063620
1064084
1064537
1064977
1065407
1065845
1066285
1066722
1067146
1067576
1068020
1068478
1068946
1069393
1069854
1070336
1070825
1071322
1071811
1072281
1072760
1073237
1073718
1074188
1074635
1075054
1075486
1075945
1076423
1076899
1077359
1077792
1078236
1078698
1079186
1079675
1080130
1080572
1081007
1081451
1081901
1082339
1082766
1083200
1083649
1084107
1084544
1084983
1085432
1085887
1086326
1086765
1087215
1087671
1088110
1088557
1089018
1089488
1089940
1090400
1090870
1091330
1091772
1092231
1092712
1093181
1093596
1093990
1094408
1094860
1095329
1095796
1096205
1096618
1097054
1097497
1097939
1098378
1098817
1099255
1099687
1100100
1100512
1100945
1101412
1101899
1102389
1102871
1103343
1103815
1104295
1104770
1105252
1105712
1106163
1106623
1107101
1107585
1108061
1108529
1109012
1109505
1110000
1110475
1110946
1111416
1111883
1112313
1112726
1113144
1113554
1113947
1114317
1114712
1115094
1115532
1115977
1116420
1116881
1117340
1117790
1118243
1118679
1119108
1119537
1119959
1120382
1120801
1121231
1121672
1122120
1122571
1123018
1123461
1123912
1124377
1124840
1125294
1125759
1126234
1126688
1127126
1127569
1128025
1128473
1128889
1129314
1129739
1130173
1130582
1131004
1131436
1131881
1132315
1132751
1133190
1133645
1134114
1134587
1135052
1135518
1135975
1136404
1136817
1137253
1137716
1138207
1138697
1139189
1139661
1140147
1140636
1141116
1141569
1142020
1142481
1142944
1143390
1143832
1144278
1144726
1145188
1145630
1146078
1146536
1147000
1147445
1147907
1148376
1148839
1149283
1149733
1150200
1150655
1151094
1151538
1151990
1152453
1152894
1153341
1153799
1154257
1154699
1155118
1155515
1155914
1156358
1156817
1157250
1157680
1158123
1158580
1159030
1159446
1159853
1160288
1160752
1161237
1161720
1162200
1162667
1163137
1163610
1164085
1164559
1165033
1165492
1165950
1166408
1166872
1167357
1167818
1168295
1168776
1169253
1169687
1170127
1170572
1171027
1171471
1171925
1172399
1172877
1173335
1173787
1174247
1174711
1175166
1175603
1176052
1176513
1176968
1177412
1177823
1178242
1178680
1179126
1179553
1179958
1180348
1180723
1181087
1181438
1181783
1182192
1182623
1183065
1183494
1183890
1184303
1184729
1185177
1185635
1186088
1186540
1186997
1187447
1187888
1188324
1188758
1189209
1189677
1190161
1190650
1191123
1191582
1192059
1192548
1193033
1193486
1193941
1194398
1194853
1195318
1195760
1196195
1196635
1197086
1197541
1197974
1198416
1198870
1199322
1199761
1200196
1200623
1201052
1201484
1201902
1202338
1202786
1203227
1203646
1204088
1204546
1205002
1205422
1205850
1206273
1206701
1207131
1207547
1207958
1208374
1208806
1209247
1209693
1210124
1210585
1211057
1211540
1212014
1212450
1212878
1213306
1213738
1214169
1214585
1215025
1215475
1215935
1216396
1216829
1217275
1217736
1218199
1218663
1219100
1219525
1219955
1220390
1220829
1221244
1221673
1222116
1222575
1223018
1223477
1223936
1224398
1224833
1225271
1225714
1226171
1226622
1227072
1227539
1228005
1228475
1228908
1229344
1229791
1230249
1230709
1231156
1231588
1232009
1232409
1232801
1233234
1233706
1234191
1234675
1235114
1235519
1235940
1236366
1236795
1237216
1237638
1238058
1238474
1238886
1239296
1239704
