301
695
1097
1508
1922
2339
2753
3152
3550
3952
4355
4762
5169
5571
5965
6369
6785
7209
7634
8055
8460
8852
9248
9647
10046
10438
10829
11227
11634
12044
12447
12846
13248
13657
14072
14493
14900
15302
15706
16112
16519
16918
17315
17719
18130
18547
18965
19374
19783
20198
20613
21019
21419
21822
22232
22641
23053
23462
23860
24250
24650
25050
25461
25873
26278
26672
27068
27468
27880
28291
28701
29102
29510
29919
30327
30724
31109
31502
31902
32306
32716
33119
33521
33923
34333
34744
35157
35574
35989
36397
36811
37231
37658
38085
38516
38952
39393
39834
40270
40704
41134
41556
41967
42372
42777
43192
43611
44025
44431
44841
45261
45684
46105
46521
46934
47341
47735
48124
48516
48909
49300
49684
50075
50479
50898
51322
51742
52169
52601
53037
53474
53905
54320
54737
55154
55566
55967
56356
56746
57143
57554
57972
58393
58816
59241
59671
60099
60518
60917
61317
61719
62120
62523
62923
63318
63716
64121
64534
64948
65359
65766
66167
66556
66936
67323
67716
68121
68532
68949
69376
69803
70230
70637
71043
71449
71846
72240
72628
73013
73397
73767
74132
74500
74873
75250
75636
76012
76383
76761
77148
77539
77935
78331
78714
79085
79453
79823
80198
80576
80959
81340
81714
82094
82483
82880
83273
83656
84045
84440
84842
85247
85647
86034
86427
86832
87251
87684
88109
88537
88972
89405
89840
90268
90677
91077
91484
91894
92312
92736
93160
93575
93979
94388
94799
95208
95607
95992
96376
96765
97154
97553
97958
98367
98775
99173
99561
99950
100345
100745
101146
101548
101953
102358
102762
103152
103547
103952
104360
104765
105173
105566
105951
106341
106735
107128
107512
107888
108266
108654
109042
109433
109826
110210
110594
110984
111383
111786
112188
112575
112963
113352
113742
114138
114530
114914
115294
115680
116073
116470
116865
117251
117640
118034
118433
118833
119220
119597
119974
120357
120747
121140
121528
121911
122305
122706
123112
123522
123920
124307
124698
125092
125486
125883
126280
126667
127049
127435
127827
128227
128630
129026
129421
129821
130225
130630
131024
131410
131799
132195
132598
133000
133394
133786
134185
134587
134994
135397
135788
136181
136578
136976
137373
137758
138138
138523
138914
139314
139721
140118
140505
140900
141294
141688
142083
142469
142847
143228
143613
144000
144389
144773
145163
145565
145974
146379
146770
147160
147553
147947
148340
148729
149109
149482
149857
150241
150631
151030
151431
151828
152225
152629
153040
153455
153873
154291
154696
155089
155481
155874
156270
156669
157058
157438
157820
158209
158603
159001
159392
159779
160172
160568
160966
161368
161760
162149
162547
162953
163361
163772
164170
164562
164959
165360
165761
166155
166542
166940
167341
167749
168157
168552
168943
169334
169708
170070
170439
170809
171176
171549
171936
172331
172733
173137
173539
173929
174310
174700
175093
175494
175903
176313
176711
177108
177510
177915
178321
178723
179120
179527
179947
180374
180804
181232
181644
182048
182462
182877
183293
183703
184104
184492
184884
185280
185675
186063
186455
186858
187269
187684
188091
188481
188873
189266
189661
190056
190438
190818
191208
191605
192014
192437
192861
193284
193699
194115
194532
194942
195344
195737
196119
196501
196888
197281
197682
198086
198485
198873
199265
199663
200066
200467
200858
201240
201623
202010
202401
202802
203210
203619
204019
204415
204818
205229
205646
206064
206477
206879
207276
207678
208086
208498
208914
209320
209720
210129
210541
210954
211366
211768
212171
212584
213004
213430
213851
214257
214651
215048
215455
215871
216292
216721
217137
217541
217947
218357
218766
219179
219584
219982
220379
220784
221193
221604
222019
222426
222835
223251
223669
224087
224500
224899
225285
225676
226072
226476
226872
227261
227654
228057
228469
228882
229297
229697
230088
230477
230873
231275
231681
232089
232496
232898
233304
233716
234137
234568
235004
235427
235835
236237
236642
237046
237451
237851
238235
238617
239003
239397
239800
240209
240612
241023
241445
241868
242286
242687
243075
243463
243854
244245
244632
245010
245391
245779
246174
246573
246960
247339
247727
248123
248529
248940
249347
249742
250134
250529
250927
251328
251723
252110
252501
252896
253297
253694
254079
254463
254852
255245
255637
256020
256405
256799
257196
257598
257997
258390
258791
259196
259606
260011
260404
260800
261204
261614
262022
262432
262831
263232
263638
264051
264467
264887
265301
265705
266107
266513
266920
267328
267732
268127
268517
268917
269332
269755
270187
270607
271007
271398
271787
272179
272569
272958
273344
273724
274107
274495
274891
275287
275679
276073
276474
276882
277298
277713
278113
278507
278907
279314
279724
280133
280533
280934
281341
281752
282170
282586
282992
283400
283814
284230
284647
285062
285461
285854
286253
286657
287068
287479
287878
288282
288701
289117
289534
289936
290329
290723
291118
291516
291917
292307
292690
293080
293478
293882
294291
294690
295085
295482
295886
296297
296715
297134
297541
297935
298333
298732
299133
299528
299914
300301
300695
301098
301506
301904
302291
302678
303069
303464
303863
304257
304642
305026
305413
305805
306205
306606
307000
307387
307783
308182
308586
308984
309370
309754
310139
310525
310914
311303
311686
312061
312446
312834
313226
313626
314019
314405
314794
315189
315590
315994
316387
316780
317180
317583
317985
318382
318773
319169
319572
319982
320399
320814
321218
321614
322014
322416
322820
323229
323632
324027
324429
324837
325248
325661
326062
326452
326844
327243
327654
328074
328500
328916
329322
329729
330136
330544
330951
331354
331741
332119
332505
332896
333295
333697
334087
334472
334866
335263
335663
336053
336440
336826
337213
337602
337994
338381
338760
339149
339543
339946
340354
340761
341162
341568
341971
342352
342718
343086
343462
343836
344215
344609
345012
345425
345838
346241
346647
347062
347485
347909
348318
348715
349105
349485
349865
350253
350655
351063
351464
351865
352277
352694
353115
353538
353956
354355
354746
355141
355535
355933
356337
356743
357137
357523
357916
358322
358741
359162
359591
360011
360413
360795
361176
361565
361965
362382
362812
363253
363699
364138
364562
364971
365375
365786
366201
366622
367050
367483
367923
368363
368790
369204
369617
370031
370443
370857
371274
371692
372115
372533
372938
373346
373753
374164
374572
374979
375377
375765
376153
376547
376945
377347
377753
378151
378542
378940
379341
379745
380148
380539
380923
381307
381690
382074
382454
382828
383200
383582
383970
384360
384753
385137
385515
385896
386280
386668
387053
387434
387818
388206
388599
388999
389404
389806
390200
390593
390986
391382
391784
392188
392592
392987
393377
393774
394176
394583
394993
395394
395788
396181
396580
396982
397388
397794
398189
398582
398980
399383
399794
400208
400614
401012
401412
401813
402212
402608
402993
403372
403754
404144
404545
404953
405355
405755
406162
406579
406999
407420
407829
408231
408637
409042
409443
409829
410205
410581
410961
411349
411743
412132
412519
412918
413327
413744
414161
414567
414967
415368
415768
416168
416560
416943
417324
417707
418098
418493
418887
419273
419655
420041
420431
420821
421202
421582
421971
422368
422774
423177
423565
423946
424327
424713
425109
425507
425897
426279
426662
427050
427445
427836
428220
428601
428986
429379
429778
430180
430576
430967
431361
431759
432161
432568
432971
433366
433758
434152
434549
434952
435356
435748
436134
436529
436931
437341
437746
438150
438557
438970
439383
439795
440188
440569
440948
441330
441719
442111
442508
442899
443290
443684
444087
444495
444896
445292
445692
446096
446502
446909
447308
447697
448084
448477
448874
449277
449673
450064
450459
450862
451270
451682
452080
452468
452860
453258
453660
454067
454472
454865
455256
455648
456045
456449
456854
457256
457646
458036
458427
458824
459226
459624
460013
460404
460801
461201
461604
462006
462395
462779
463165
463556
463950
464349
464750
465143
465540
465945
466357
466779
467199
467615
468013
468406
468804
469204
469613
470013
470411
470813
471222
471638
472058
472475
472880
473288
473699
474115
474525
474925
475316
475707
476103
476508
476915
477317
477726
478146
478569
478993
479401
479794
480185
480577
480975
481378
481770
482154
482545
482945
483354
483772
484191
484597
485000
485406
485812
486216
486618
487008
487386
487766
488148
488529
488908
489285
489667
490040
490399
490765
491138
491507
491874
492247
492621
492997
493370
493738
494106
494480
494858
495243
495627
496009
496398
496795
497199
497606
498015
498421
498813
499196
499580
499969
500362
500761
501166
501564
501954
502349
502749
503155
503567
503982
504386
504780
505177
505575
505975
506374
506764
507147
507532
507925
508326
508737
509152
509555
509951
510347
510744
511141
511540
511931
512315
512699
513086
513480
513878
514272
514663
515060
515463
515867
516266
516653
517034
517419
517811
518208
518606
518998
519383
519771
520166
520567
520961
521350
521743
522139
522537
522935
523320
523703
524087
524474
524867
525257
525640
526032
526431
526830
527228
527615
527995
528375
528758
529145
529532
529911
530293
530682
531076
531474
531868
532258
532653
533055
533458
533857
534241
534618
534997
535381
535769
536162
536547
536931
537319
537710
538105
538494
538871
539247
539631
540027
540427
540830
541229
541619
542014
542416
542821
543229
543644
544049
544446
544845
545249
545656
546065
546463
546853
547254
547654
548056
548461
548859
549250
549647
550050
550453
550856
551253
551637
552020
552387
552742
553103
553471
553846
554218
554588
554965
555348
555737
556131
556517
556899
557286
557678
558070
558463
558846
559229
559621
560017
560415
560816
561212
561607
562010
562414
562820
563229
563623
564011
564404
564802
565204
565608
566012
566406
566793
567183
567576
567971
568366
568767
569165
569557
569951
570349
570743
571138
571531
571914
572301
572694
573092
573498
573906
574311
574704
575097
575491
575887
576289
576692
577088
577478
577877
578277
578678
579079
579470
579852
580239
580627
581019
581411
581799
582185
582575
582971
583370
583768
584160
584547
584936
585326
585717
586105
586490
586870
587255
587644
588039
588441
588833
589222
589622
590027
590435
590842
591234
591624
592010
592395
592780
593167
593546
593925
594309
594699
595097
595498
595891
596285
596687
597093
597497
597894
598297
598705
599114
599520
599917
600303
600691
601087
601489
601896
602307
602713
603114
603522
603934
604346
604755
605159
605563
605968
606376
606784
607183
607580
607985
608395
608803
609204
609598
609991
610389
610789
611191
611580
611962
612347
612737
613134
613533
613925
614314
614711
615112
615517
615911
616303
616701
617102
617509
617914
618309
618706
619105
619507
619913
620313
620706
621103
621508
621918
622324
622720
623115
623518
623922
624326
624728
625121
625519
625921
626328
626735
627139
627532
627925
628324
628725
629123
629512
629895
630285
630679
631077
631474
631862
632249
632639
633034
633437
633839
634230
634621
635018
635418
635821
636224
636618
637010
637407
637811
638218
638625
639020
639416
639823
640240
640660
641077
641484
641889
642302
642717
643132
643539
643943
644358
644773
645188
645593
645988
646386
646786
647189
647588
647979
648363
648749
649144
649538
649925
650309
650705
651109
651519
651932
652334
652732
653133
653532
653930
654317
654700
655091
655486
655889
656292
656687
657081
657482
657888
658300
658714
659118
659523
659935
660353
660775
661195
661607
662008
662407
662808
663205
663600
663987
664373
664775
665194
665618
666041
666449
666848
667252
667662
668072
668481
668875
669259
669643
670031
670422
670817
671210
671599
671998
672404
672819
673239
673648
674046
674442
674838
675234
675627
676011
676393
676778
677163
677550
677931
678313
678705
679107
679516
679927
680335
680733
681133
681538
681951
682363
682771
683176
683579
683983
684388
684792
685185
685569
685955
686347
686747
687151
687548
687942
688343
688751
689163
689569
689967
690364
690765
691174
691591
692012
692425
692835
693256
693675
694098
694514
694919
695326
695741
696162
696580
696985
697386
697797
698209
698620
699023
699415
699808
700206
700608
701014
701417
701807
702196
702593
702996
703402
703807
704206
704600
704995
705393
705789
706173
706542
706899
707247
707604
707975
708359
708746
709145
709557
709969
710377
710781
711175
711559
711947
712336
712729
713126
713517
713901
714293
714692
715102
715510
715908
716306
716711
717119
717530
717938
718334
718722
719112
719509
719907
720306
720697
721087
721486
721896
722312
722734
723161
723591
724023
724451
724869
725277
725697
726121
726546
726967
727375
727785
728204
728628
729048
729455
729857
730266
730676
731084
731475
731864
732258
732657
733060
733457
733855
734263
734675
735083
735478
735868
736269
736673
737079
737477
737871
738275
738684
739094
739507
739911
740303
740695
741096
741502
741919
742338
742755
743160
743563
743972
744385
744801
745220
745640
746047
746451
746858
747268
747679
748088
748485
748879
749279
749684
750092
750489
750878
751270
751667
752064
752460
752844
753225
753610
753999
754393
754788
755175
755560
755950
756342
756738
757136
757530
757915
758294
758679
759067
759462
759866
760260
760647
761036
761431
761827
762223
762610
762995
763385
763776
764167
764559
764942
765325
765719
766124
766540
766959
767370
767777
768192
768606
769019
769427
769825
770221
770627
771037
771451
771864
772266
772671
773078
773486
773899
774301
774696
775101
775512
775929
776346
776759
777163
777573
777983
778392
778795
779187
779580
779976
780373
780771
781158
781546
781945
782354
782773
783190
783601
784002
784401
784800
785202
785597
785984
786382
786785
787193
787598
787995
788392
788799
789208
789613
790004
790392
790781
791177
791581
791984
792379
792776
793184
793600
794024
794453
794874
795289
795702
796116
796530
796935
797327
797723
798124
798529
798930
799324
799714
800109
800505
800901
801289
801671
802064
802464
802868
803272
803665
804050
804434
804821
805207
805595
805981
806368
806759
807156
807558
807963
808369
808772
809178
809590
810005
810423
810829
811222
811615
812012
812410
812801
813182
813562
813952
814346
814742
815132
815518
815899
816283
816668
817053
817442
817825
818204
818588
818979
819378
819784
820185
820580
820978
821382
821791
822196
822590
822975
823357
823740
824119
824480
824828
825177
825534
825903
826289
826681
827069
827459
827849
828236
828620
828995
829364
829736
830113
830501
830894
831284
831683
832096
832520
832947
833366
833775
834185
834596
835003
835401
835794
836191
836591
836992
837398
837804
838200
838596
839004
839423
839841
840250
840646
841045
841442
841838
842224
842597
842967
843344
843732
844131
844531
844934
845343
845757
846170
846579
846974
847362
847750
848139
848537
848944
849342
849736
850138
850551
850972
851400
851819
852225
852632
853041
853448
853850
854240
854634
855037
855444
855861
856285
856707
857121
857540
857951
858342
858705
859068
859437
859816
860206
860601
860995
861394
861802
862219
862636
863039
863429
863817
864211
864607
864997
865389
865788
866193
866605
867007
867405
867809
868214
868621
869031
869432
869821
870210
870606
871011
871422
871839
872248
872660
873077
873497
873919
874340
874746
875150
875555
875962
876372
876775
877169
877565
877964
878365
878767
879165
879554
879940
880333
880734
881144
881556
881965
882364
882753
883143
883536
883930
884328
884727
885120
885516
885921
886328
886743
887157
887559
887963
888371
888776
889182
889586
889976
890362
890752
891145
891544
891945
892341
892736
893142
893558
893978
894396
894807
895201
895592
895980
896365
896751
897130
897503
897883
898269
898663
899062
899460
899858
900269
900685
901107
901530
901943
902353
902763
903173
903579
903971
904350
904731
905118
905514
905915
906312
906716
907127
907546
907967
908376
908777
909180
909581
909983
910374
910759
911145
911534
911931
912340
912747
913144
913544
913953
914363
914774
915170
915567
915966
916363
916761
917152
917534
917922
918319
918719
919125
919524
919920
920319
920720
921120
921512
921904
922299
922695
923090
923472
923848
924211
924571
924936
925310
925701
926107
926525
926948
927372
927793
928207
928614
929013
929396
929775
930156
930538
930924
931315
931701
932080
932466
932858
933253
933644
934030
934422
934816
935211
935600
935983
936371
936760
937151
937543
937923
938306
938697
939092
939492
939891
940277
940662
941049
941434
941819
942204
942582
942962
943349
943739
944135
944531
944920
945308
945698
946085
946471
946853
947236
947627
948019
948416
948813
949201
949587
949974
950364
950756
951145
951528
951912
952304
952702
953100
953496
953883
954267
954656
955050
955444
955831
956217
956610
957004
957400
957786
958163
958545
958932
959318
959702
960078
960457
960840
961223
961602
961977
962353
962735
963117
963499
963862
964211
964562
964917
965282
965659
966047
966436
966818
967209
967607
968002
968395
968779
969166
969562
969965
970371
970784
971195
971602
972002
972409
972819
973230
973633
974036
974447
974858
975272
975672
976064
976463
976864
977261
977655
978049
978449
978855
979257
979652
980050
980454
980863
981270
981664
982047
982430
982816
983203
983590
983969
984346
984733
985125
985523
985920
986307
986690
987074
987459
987849
988245
988636
989019
989407
989796
990193
990590
990986
991385
991794
992207
992621
993030
993431
993828
994228
994626
995021
995405
995790
996178
996569
996959
997344
997737
998139
998545
998950
999343
999730
1000116
1000506
1000899
1001286
1001672
1002065
1002468
1002879
1003294
1003704
1004099
1004492
1004888
1005279
1005669
1006051
1006427
1006808
1007193
1007585
1007981
1008372
1008761
1009153
1009552
1009953
1010351
1010737
1011120
1011495
1011868
1012228
1012576
1012920
1013270
1013620
1013970
1014320
1014678
1015046
1015425
1015812
1016202
1016587
1016979
1017372
1017770
1018170
1018575
1018969
1019365
1019767
1020175
1020590
1021002
1021408
1021817
1022231
1022645
1023055
1023448
1023838
1024231
1024623
1025011
1025391
1025773
1026163
1026558
1026959
1027354
1027746
1028146
1028546
1028950
1029357
1029759
1030157
1030561
1030972
1031389
1031809
1032231
1032639
1033041
1033449
1033858
1034267
1034675
1035071
1035463
1035865
1036273
1036686
1037100
1037504
1037899
1038299
1038698
1039095
1039490
1039875
1040255
1040637
1041034
1041439
1041856
1042273
1042682
1043089
1043495
1043902
1044310
1044719
1045119
1045507
1045889
1046279
1046678
1047086
1047504
1047931
1048359
1048779
1049188
1049594
1050000
1050404
1050805
1051205
1051600
1051987
1052377
1052774
1053180
1053590
1054004
1054406
1054797
1055185
1055581
1055985
1056397
1056810
1057214
1057604
1057988
1058370
1058759
1059154
1059553
1059954
1060351
1060740
1061125
1061518
1061921
1062332
1062749
1063169
1063583
1063983
1064377
1064776
1065189
1065608
1066029
1066451
1066877
1067295
1067697
1068086
1068477
1068873
1069273
1069681
1070090
1070502
1070903
1071299
1071703
1072113
1072527
1072936
1073337
1073727
1074112
1074502
1074899
1075300
1075708
1076113
1076508
1076905
1077311
1077723
1078140
1078552
1078951
1079342
1079734
1080128
1080524
1080919
1081302
1081679
1082057
1082440
1082836
1083245
1083662
1084082
1084500
1084907
1085301
1085692
1086086
1086481
1086880
1087276
1087674
1088065
1088452
1088843
1089238
1089635
1090038
1090436
1090824
1091210
1091600
1091993
1092396
1092806
1093212
1093613
1094017
1094425
1094833
1095244
1095645
1096039
1096432
1096830
1097228
1097633
1098039
1098438
1098831
1099225
1099627
1100039
1100462
1100889
1101313
1101721
1102117
1102511
1102907
1103311
1103719
1104131
1104547
1104954
1105354
1105750
1106150
1106556
1106965
1107374
1107772
1108163
1108554
1108950
1109353
1109753
1110146
1110531
1110913
1111300
1111693
1112088
1112477
1112857
1113238
1113624
1114014
1114412
1114812
1115207
1115601
1115999
1116401
1116802
1117196
1117582
1117970
1118361
1118760
1119157
1119546
1119935
1120327
1120722
1121122
1121522
1121912
1122301
1122695
1123096
1123495
1123889
1124276
1124663
1125052
1125443
1125841
1126240
1126633
1127028
1127428
1127834
1128246
1128657
1129056
1129449
1129842
1130243
1130645
1131046
1131439
1131822
1132205
1132589
1132977
1133369
1133757
1134146
1134545
1134950
1135365
1135783
1136199
1136603
1136993
1137386
1137782
1138175
1138566
1138953
1139332
1139706
1140084
1140469
1140864
1141267
1141671
1142072
1142465
1142861
1143266
1143673
1144078
1144473
1144858
1145241
1145630
1146027
1146430
1146826
1147215
1147604
1148000
1148399
1148801
1149198
1149583
1149963
1150347
1150737
1151134
1151535
1151930
1152320
1152717
1153121
1153528
1153934
1154327
1154712
1155099
1155494
1155894
1156295
1156690
1157079
1157468
1157860
1158260
1158664
1159071
1159475
1159870
1160268
1160666
1161065
1161464
1161865
1162266
1162661
1163046
1163430
1163817
1164213
1164620
1165034
1165447
1165852
1166243
1166629
1167021
1167418
1167820
1168223
1168628
1169032
1169423
1169808
1170196
1170593
1170996
1171407
1171823
1172232
1172627
1173018
1173413
1173813
1174214
1174617
1175020
1175418
1175809
1176199
1176593
1176993
1177399
1177810
1178220
1178622
1179015
1179402
1179788
1180181
1180581
1180985
1181388
1181783
1182170
1182563
1182961
1183363
1183766
1184169
1184562
1184944
1185329
1185716
1186105
1186496
1186880
1187259
1187640
1188028
1188421
1188819
1189217
1189604
1189983
1190360
1190739
1191118
1191497
1191871
1192240
1192609
1192981
1193361
1193747
1194140
1194524
1194903
1195284
1195670
1196062
1196462
1196857
1197245
1197627
1198007
1198389
1198769
1199150
1199526
1199907
1200293
1200689
1201085
1201474
1201857
1202238
1202620
1202999
1203377
1203746
1204112
1204482
1204862
1205249
1205635
1206015
1206396
1206779
1207169
1207562
1207954
1208332
1208705
1209079
1209456
1209835
1210214
1210588
1210960
1211340
1211727
1212125
1212536
1212944
1213342
1213740
1214134
1214521
1214894
1215249
1215599
1215947
1216300
1216663
1217047
1217448
1217858
1218276
1218686
1219085
1219482
1219881
1220289
1220701
1221113
1221517
1221910
1222303
1222704
1223111
1223525
1223944
1224359
1224766
1225181
1225602
1226025
1226446
1226854
1227250
1227641
1228036
1228439
1228849
1229260
1229663
1230063
1230466
1230876
1231294
1231710
1232116
1232511
1232904
1233298
1233694
1234096
1234500
1234898
1235298
1235701
1236111
1236525
1236935
1237334
1237736
1238145
1238560
1238974
1239382
1239782
