203
553
891
1228
1550
1858
2156
2452
2757
3093
3464
3854
4253
4652
5058
5458
5833
6175
6498
6812
7127
7454
7804
8183
8585
8991
9395
9797
10174
10511
10823
11128
11431
11739
12068
12423
12801
13204
13615
14025
14431
14825
15204
15571
15931
16285
16618
16931
17234
17530
17832
18159
18522
18918
19326
19739
20148
20550
20943
21331
21678
21999
22307
22610
22918
23249
23613
23994
24384
24769
25151
25506
25835
26148
26458
26772
27095
27430
27779
28147
28524
28899
29269
29636
29993
30344
30695
31043
31367
31682
31995
32317
32655
33012
33390
33774
34159
34542
34927
35314
35700
36078
36421
36733
37032
37324
37619
37926
38259
38613
38986
39370
39763
40173
40583
40987
41382
41745
42078
42399
42714
43031
43367
43723
44088
44466
44859
45258
45632
45965
46285
46602
46924
47264
47616
47976
48339
48703
49074
49427
49755
50065
50374
50685
51015
51377
51764
52156
52532
52873
53195
53516
53845
54195
54560
54932
55307
55658
55984
56296
56606
56919
57252
57624
58015
58407
58802
59195
59546
59874
60193
60511
60835
61174
61537
61912
62293
62678
63026
63357
63686
64019
64366
64733
65110
65491
65872
66228
66558
66866
67164
67471
67785
68118
68474
68854
69251
69654
70058
70455
70841
71209
71555
71888
72214
72537
72860
73189
73522
73855
74185
74510
74845
75194
75564
75954
76347
76742
77134
77518
77877
78210
78525
78833
79138
79451
79779
80125
80493
80879
81273
81672
82058
82409
82738
83064
83392
83724
84072
84438
84816
85200
85574
85911
86249
86596
86948
87292
87612
87919
88222
88528
88841
89171
89518
89875
90225
90568
90921
91284
91659
92049
92435
92810
93170
93519
93858
94197
94536
94879
95218
95536
95847
96151
96454
96763
97087
97427
97778
98129
98490
98862
99244
99624
99999
100367
100722
101065
101380
101680
101974
102267
102572
102892
103235
103616
104009
104409
104808
105203
105571
105901
106219
106534
106851
107180
107523
107878
108233
108581
108903
109210
109515
109821
110132
110455
110808
111174
111550
111925
112303
112673
113036
113390
113717
114024
114319
114612
114906
115214
115553
115919
116307
116704
117101
117504
117902
118288
118636
118955
119260
119560
119860
120169
120500
120855
121221
121593
121973
122347
122685
123001
123310
123621
123941
124276
124625
124969
125304
125626
125933
126228
126514
126793
127074
127363
127671
128007
128371
128754
129137
129522
129872
130196
130515
130832
131154
131495
131853
132231
132611
132989
133348
133680
133993
134305
134620
134951
135315
135703
136097
136496
136887
137271
137639
137992
138320
138633
138938
139246
139563
139904
140271
140653
141055
141462
141866
142263
142627
142960
143287
143609
143938
144279
144632
144987
145345
145687
146005
146317
146628
146941
147262
147596
147950
148325
148703
149083
149460
149800
150117
150428
150735
151047
151376
151729
152100
152475
152846
153187
153509
153829
154154
154495
154854
155217
155582
155929
156252
156561
156866
157174
157497
157852
158223
158595
158970
159333
159662
159982
160297
160611
160931
161265
161611
161955
162293
162616
162925
163233
163544
163864
164199
164546
164895
165245
165587
165920
166243
166547
166839
167125
167415
167716
168053
168419
168800
169187
169572
169956
170324
170662
170979
171293
171606
171922
172249
172591
172946
173314
173688
174063
174438
174809
175153
175474
175783
176089
176404
176745
177119
177508
177901
178294
178681
179033
179366
179694
180024
180363
180715
181082
181462
181846
182227
182594
182953
183281
183591
183895
184196
184503
184834
185195
185576
185965
186349
186737
187099
187430
187744
188054
188363
188681
189014
189362
189720
190084
190446
190788
191104
191407
191706
192005
192315
192656
193022
193402
193788
194173
194556
194910
195237
195559
195878
196206
196550
196914
197294
197678
198053
198404
198739
199073
199410
199767
200139
200520
200904
201275
201616
201947
202280
202622
202978
203350
203734
204120
204503
204879
205251
205600
205925
206242
206557
206878
207217
207572
207946
208330
208717
209101
209483
209851
210195
210526
210856
211189
211537
211894
212262
212630
212990
213327
213646
213965
214286
214615
214958
215323
215698
216073
216440
216794
217125
217449
217771
218096
218433
218788
219154
219519
219884
220230
220556
220876
221194
221517
221851
222203
222568
222938
223310
223685
224048
224378
224691
225000
225310
225635
225990
226366
226746
227123
227471
227821
228180
228556
228938
229316
229688
230028
230341
230643
230937
231228
231522
231828
232162
232531
232916
233310
233712
234117
234511
234867
235194
235512
235827
236147
236485
236841
237208
237578
237951
238304
238631
238956
239282
239616
239971
240341
240714
241080
241442
241777
242093
242400
242698
242987
243276
243569
243881
244221
244590
244971
245354
245730
246096
246431
246746
247051
247350
247645
247944
248254
248586
248932
249280
249635
249991
250344
250678
250994
251299
251603
251913
252240
252595
252969
253347
253731
254114
254482
254819
255138
255454
255768
256091
256428
256788
257167
257554
257944
258334
258692
259021
259342
259663
259992
260343
260718
261101
261490
261881
262255
262594
262921
263248
263575
263917
264286
264672
265066
265458
265833
266174
266504
266829
267160
267512
267892
268280
268671
269058
269421
269757
270087
270416
270757
271118
271499
271893
272287
272673
273059
273432
273767
274089
274406
274725
275055
275414
275792
276161
276525
276881
277213
277527
277839
278150
278467
278799
279147
279491
279811
280131
280443
280747
281052
281359
281674
282002
282348
282716
283085
283462
283830
284187
284521
284846
285171
285500
285846
286205
286560
286921
287276
287616
287934
288242
288546
288851
289164
289493
289848
290217
290588
290963
291340
291692
292019
292335
292651
292972
293308
293669
294043
294422
294799
295156
295487
295815
296149
296500
296872
297263
297658
298054
298445
298824
299169
299493
299813
300133
300463
300819
301198
301593
301996
302401
302806
303196
303548
303878
304203
304530
304865
305215
305581
305965
306354
306742
307092
307421
307749
308084
308431
308795
309172
309555
309933
310308
310680
311030
311355
311670
311981
312298
312646
313024
313422
313829
314238
314644
315049
315443
315801
316132
316457
316780
317106
317445
317806
318188
318574
318969
319352
319702
320033
320364
320705
321062
321429
321800
322161
322513
322856
323178
323487
323794
324103
324423
324768
325143
325531
325914
326300
326689
327047
327381
327706
328030
328363
328714
329082
329460
329839
330218
330593
330939
331263
331568
331863
332160
332464
332779
333121
333491
333873
334258
334643
335029
335408
335769
336101
336425
336744
337068
337402
337754
338126
338514
338910
339312
339709
340101
340465
340807
341143
341484
341838
342205
342581
342961
343342
343711
344060
344387
344713
345040
345377
345735
346124
346523
346924
347325
347720
348079
348414
348748
349082
349424
349784
350157
350539
350921
351299
351658
351989
352308
352625
352947
353283
353639
354010
354393
354780
355167
355551
355926
356287
356626
356944
357251
357556
357867
358193
358550
358925
359307
359692
360070
360421
360760
361102
361456
361823
362187
362549
362907
363261
363604
363928
364242
364553
364869
365203
365564
365940
366316
366695
367074
367449
367818
368180
368524
368849
369159
369468
369786
370124
370488
370863
371246
371629
372011
372392
372769
373132
373467
373782
374095
374411
374742
375093
375467
375857
376260
376668
377071
377469
377853
378196
378516
378836
379161
379500
379862
380240
380619
380992
381357
381731
382106
382479
382848
383198
383552
383914
384282
384650
385012
385348
385666
385982
386303
386642
387008
387395
387782
388168
388557
388921
389261
389590
389920
390249
390587
390940
391298
391659
392016
392346
392663
392979
393308
393653
394016
394390
394766
395139
395509
395871
396212
396534
396854
397177
397509
397863
398243
398636
399033
399414
399792
400164
400504
400831
401152
401471
401792
402122
402460
402801
403134
403453
403780
404119
404468
404820
405164
405486
405793
406100
406412
406745
407106
407483
407863
408241
408617
408975
409307
409624
409940
410261
410596
410954
411330
411712
412091
412462
412822
413172
413509
413826
414129
414424
414720
415017
415327
415654
415987
416344
416724
417115
417501
417881
418247
418610
418962
419306
419645
419980
420312
420640
420957
421265
421560
421847
422134
422430
422758
423110
423483
423865
424249
424639
425035
425424
425808
426172
426514
426847
427177
427511
427848
428191
428540
428881
429213
429546
429891
430260
430643
431034
431423
431801
432170
432534
432890
433242
433582
433910
434229
434538
434847
435160
435485
435832
436193
436561
436933
437306
437677
438033
438363
438679
438990
439300
439610
439924
440246
440577
440918
441261
441610
441968
442318
442654
442972
443289
443606
443924
444242
444560
444880
445202
445512
445812
446113
446407
446693
446979
447269
447570
447884
448224
448580
448948
449317
449659
449978
450295
450609
450922
451244
451571
451906
452244
452580
452897
453203
453510
453823
454156
454519
454892
455266
455633
455987
456328
456645
456946
457239
457525
457809
458097
458395
458717
459068
459438
459807
460173
460538
460895
461232
461552
461867
462183
462508
462853
463214
463583
463952
464308
464641
464966
465292
465622
465965
466322
466685
467051
467413
467771
468126
468464
468780
469089
469396
469706
470028
470372
470738
471116
471499
471887
472273
472626
472969
473308
473653
474008
474372
474739
475091
475419
475745
476068
476396
476734
477081
477445
477823
478209
478593
478950
479280
479605
479934
480282
480651
481027
481406
481781
482151
482495
482818
483141
483466
483806
484167
484544
484923
485307
485682
486039
486371
486680
486977
487267
487554
487856
488173
488507
488862
489226
489599
489981
490363
490745
491119
491488
491846
492190
492510
492819
493123
493431
493748
494082
494436
494810
495191
495582
495975
496371
496761
497145
497519
497880
498231
498577
498918
499256
499590
499906
500213
500521
500839
501179
501536
501907
502278
502647
503002
503328
503644
503961
504279
504597
504924
505250
505580
505917
506259
506613
506977
507337
507661
507965
508267
508563
508862
509170
509488
509820
510160
510510
510875
511252
511633
512010
512376
512727
513054
513359
513658
513950
514244
514547
514865
515198
515547
515904
516260
516591
516914
517241
517578
517927
518281
518627
518944
519257
519565
519873
520186
520513
520848
521192
521525
521841
522157
522477
522805
523141
523488
523846
524202
524551
524897
525219
525521
525810
526095
526385
526683
526996
527331
527681
528045
528416
528791
529159
529527
529887
530222
530537
530845
531147
531452
531765
532086
532424
532777
533141
533512
533884
534248
534605
534952
535279
535584
535881
536174
536472
536784
537120
537473
537837
538206
538575
538948
539308
539631
539943
540252
540563
540884
541229
541579
541931
542293
542637
542960
543281
543605
543940
544297
544664
545031
545391
545728
546046
546363
546678
546997
547322
547666
548024
548387
548760
549133
549506
549843
550161
550476
550796
551123
551471
551842
552205
552559
552901
553220
553526
553831
554135
554443
554757
555090
555437
555792
556141
556469
556786
557101
557420
557750
558103
558469
558836
559205
559569
559928
560256
560563
560866
561172
561490
561830
562200
562585
562973
563356
563717
564056
564405
564770
565144
565507
565835
566147
566452
566758
567075
567404
567748
568116
568506
568905
569288
569651
570020
570404
570789
571173
571530
571862
572178
572477
572776
573083
573403
573740
574094
574457
574832
575213
575596
575974
576342
576695
577028
577353
577675
578004
578342
578693
579048
579405
579765
580105
580435
580766
581103
581455
581821
582192
582558
582920
583267
583590
583908
584226
584551
584891
585237
585584
585935
586272
586590
586900
587208
587522
587851
588204
588565
588931
589300
589669
590034
590389
590714
591021
591322
591622
591929
592250
592571
592913
593272
593646
594030
594420
594807
595194
595552
595881
596203
596521
596840
597165
597499
597834
598169
598507
598824
599133
599446
599764
600105
600466
600834
601200
601537
601866
602197
602534
602880
603242
603614
603994
604374
604756
605132
605471
605795
606123
606465
606832
607209
607592
607973
608324
608654
608984
609318
609677
610059
610451
610825
611185
611560
611956
612357
612742
613112
613482
613851
614211
614564
614913
615250
615574
615903
616245
616613
616995
617381
617762
618120
618450
618786
619128
619494
619880
620267
620641
620991
621340
621698
622059
622403
622741
623085
623444
623815
624191
624567
624916
625242
625567
625899
626234
626583
626937
627276
627593
627902
628219
628542
628887
629253
629632
630011
630362
630691
631022
631355
631701
632069
632449
632834
633208
633559
633918
634292
634684
635075
635462
635844
636227
636608
636971
637310
637649
637992
638348
638719
639099
639486
639881
640279
640663
641010
641340
641675
642021
642387
642765
643147
643518
643858
644174
644478
644784
645099
645443
645818
646209
646605
646990
647338
647685
648040
648402
648770
649139
649508
649874
650222
650558
650896
651238
651600
651979
652365
652755
653124
653472
653831
654202
654582
654962
655340
655712
656065
656395
656712
657028
657355
657708
658083
658476
658875
659274
659659
660029
660396
660760
661123
661477
661814
662148
662482
662824
663182
663550
663920
664274
664606
664945
665299
665670
666042
666410
666758
667084
667391
667697
668007
668332
668694
669086
669487
669886
670256
670618
670978
671342
671715
672094
672471
672832
673163
673490
673821
674173
674541
674919
675286
675624
675956
676290
676639
677006
677386
677762
678107
678452
678809
679175
679546
679905
680271
680643
681016
681387
681757
682109
682465
682825
683183
683518
683835
684154
684479
684820
685188
685568
685952
686334
686690
687020
687345
687667
687996
688337
688699
689069
689439
689814
690202
690594
690987
691364
691710
692053
692397
692751
693128
693510
693894
694280
694647
694984
695317
695653
696001
696369
696747
697129
697503
697845
698161
698463
698768
699078
699407
699769
700145
700531
700925
701314
701670
702010
702351
702703
703070
703446
703820
704179
704525
704874
705229
705593
705967
706339
706687
707042
707415
707792
708169
708534
708866
709187
709501
709812
710125
710448
710791
711153
711536
711928
712322
712712
713071
713422
713766
714117
714471
714820
715164
715505
715827
716135
716443
716756
717083
717430
717801
718189
718582
718973
719345
719685
720018
720352
720693
721045
721412
721788
722157
722525
722896
723263
723626
723986
724341
724697
725038
725366
725697
726042
726400
726759
727100
727422
727743
728073
728418
728778
729141
729503
729843
730160
730469
730777
731094
731439
731799
732160
732493
732832
733186
733558
733948
734347
734742
735134
735516
735878
736213
736533
736854
737181
737527
737900
738291
738690
739089
739458
739814
740172
740541
740919
741300
741676
742031
742358
742681
743003
743336
743686
744054
744427
744798
745143
745481
745826
746187
746563
746941
747312
747654
747978
748301
748632
748978
749339
749705
750079
750435
750762
751087
751416
751762
752134
752524
752916
753308
753686
754027
754359
754692
755038
755404
755779
756155
756518
756856
757192
757533
757890
758271
758661
759051
759427
759774
760114
760456
760806
761168
761544
761931
762318
762703
763066
763404
763723
764028
764326
764630
764946
765290
765664
766047
766432
766818
767204
767588
767955
768290
768618
768942
769270
769614
769953
770295
770649
771009
771371
771738
772075
772398
772730
773076
773401
773713
774037
774372
774725
775087
775437
775783
776120
776442
776764
777096
777447
777813
778187
778552
778893
779234
779579
779937
780302
780664
781000
781338
781680
782039
782405
782773
783129
783483
783840
784196
784552
784892
785246
785606
785973
786343
786705
787050
787396
787746
788111
788486
788861
789219
789549
789868
790185
790506
790839
791186
791544
791900
792230
792555
792882
793218
793566
793932
794305
794671
795033
795391
795742
796090
796433
796769
797087
797398
797710
798027
798363
798724
799095
799466
799832
800198
800531
800849
801168
801497
801844
802203
802568
802922
803247
803563
803880
804214
804577
804950
805329
805687
806029
806372
806716
807056
807381
807705
808036
808371
808706
809022
809346
809675
810009
810350
810687
811009
811321
811637
811963
812309
812671
813035
813395
813735
814055
814370
814683
814998
815319
815654
816002
816355
816707
817058
817387
817706
818025
818349
818680
819021
819357
819680
820012
820342
820684
821031
821384
821740
822087
822415
822744
823071
823404
823740
824079
824420
824752
825069
825379
825692
826016
826367
826736
827112
827487
827832
828166
828499
828838
829197
829567
829941
830305
830659
830999
831325
831635
831948
832272
832616
832972
833334
833702
834060
834390
834715
835044
835383
835737
836103
836464
836825
837179
837527
837854
838171
838488
838810
839149
839503
839867
840238
840614
840992
841366
841712
842036
842358
842681
843023
843382
843747
844113
844470
844818
845167
845514
845866
846218
846565
846890
847202
847514
847829
848167
848534
848918
849304
849689
850062
850407
850743
851079
851426
851789
852161
852532
852891
853220
853544
853866
854194
854544
854916
855296
855677
856025
856366
856714
857078
857458
857848
858230
858594
858924
859232
859537
859840
860140
860435
860737
861062
861434
861821
862204
862560
862915
863280
863651
864023
864390
864732
865063
865394
865729
866081
866445
866818
867191
867547
867884
868225
868574
868941
869324
869706
870061
870389
870713
871040
871377
871737
872114
872497
872880
873241
873578
873912
874253
874606
874970
875338
875705
876062
876398
876720
877046
877381
877733
878103
878480
878861
879242
879615
879986
880348
880694
881018
881334
881652
881981
882346
882738
883138
883539
883935
884310
884658
885008
885364
885728
886096
886466
886834
887184
887513
887843
888176
888523
888886
889258
889629
890001
890369
890711
891038
891368
891707
892059
892428
892802
893173
893525
893855
894188
894525
894875
895241
895612
895983
896354
896731
897103
897472
897837
898192
898524
898841
899144
899434
899727
900022
900332
900662
901017
901390
901774
902163
902554
902932
903286
903619
903947
904272
904603
904945
905288
905636
905989
906346
906705
907040
907375
907714
908063
908420
908771
909110
909455
909807
910155
910502
910834
911151
911460
911772
912095
912442
912809
913181
913557
913929
914278
914606
914935
915263
915596
915947
916314
916686
917060
917437
917797
918133
918458
918783
919112
919461
919821
920190
920558
920910
921258
921617
921991
922369
922736
923081
923408
923737
924071
924411
924758
925114
925458
925794
926112
926417
926716
927019
927337
927679
928039
928414
928792
929167
929536
929898
930231
930548
930865
931185
931511
931852
932203
932553
932902
933243
933564
933871
934177
934484
934801
935137
935492
935844
936179
936509
936825
937128
937429
937727
938018
938309
938604
938910
939222
939535
939855
940179
940503
940832
941157
941462
941761
942061
942366
942686
943027
943381
943745
944111
944476
944831
945163
945476
945782
946089
946404
946737
947093
947458
947829
948202
948573
948940
949299
949652
949985
950294
950586
950864
951132
951399
951674
951958
952258
952588
952935
953284
953634
953985
954335
954673
954992
955310
955632
955956
956290
956626
956969
957312
957653
957994
958333
958668
958995
959312
959628
959943
960266
960597
960939
961291
961640
961983
962318
962645
962962
963262
963557
963850
964141
964433
964727
965022
965318
965614
965912
966213
966514
966809
967106
967408
967720
968046
968391
968746
969107
969465
969815
970139
970450
970757
971063
971373
971688
972011
972340
972669
973004
973339
973676
974003
974315
974617
974916
975218
975534
975865
976213
976572
976935
977301
977659
978010
978357
978683
978993
979301
979609
979925
980257
980607
980962
981319
981682
982044
982383
982702
983020
983342
983670
984015
984366
984724
985087
985450
985797
986125
986436
986748
987066
987406
987765
988133
988504
988878
989251
989627
990001
990367
990728
991082
991410
991728
992042
992358
992691
993039
993396
993762
994127
994472
994802
995133
995469
995820
996177
996534
996884
997209
997523
997836
998153
998484
998835
999196
999557
999894
1000223
1000562
1000917
1001286
1001653
1002009
1002369
1002729
1003084
1003416
1003733
1004041
1004356
1004683
1005031
1005399
1005775
1006157
1006543
1006912
1007274
1007634
1008003
1008376
1008749
1009117
1009483
1009833
1010158
1010466
1010774
1011087
1011421
1011786
1012165
1012549
1012927
1013306
1013659
1014003
1014351
1014709
1015071
1015436
1015799
1016154
1016507
1016856
1017193
1017514
1017842
1018185
1018544
1018913
1019280
1019643
1019985
1020309
1020631
1020953
1021285
1021637
1021997
1022360
1022724
1023070
1023397
1023718
1024046
1024384
1024742
1025111
1025476
1025844
1026214
1026586
1026957
1027310
1027637
1027958
1028281
1028616
1028972
1029344
1029717
1030088
1030462
1030818
1031145
1031470
1031795
1032130
1032485
1032856
1033227
1033594
1033960
1034319
1034678
1035037
1035394
1035748
1036077
1036391
1036705
1037023
1037355
1037715
1038089
1038465
1038843
1039216
1039568
1039897
1040223
1040554
1040898
1041256
1041609
1041952
1042282
1042606
1042919
1043219
1043514
1043811
1044118
1044438
1044772
1045118
1045478
1045845
1046212
1046579
1046943
1047300
1047645
1047974
1048298
1048622
1048957
1049305
1049660
1050022
1050389
1050760
1051121
1051463
1051788
1052105
1052422
1052747
1053085
1053438
1053790
1054139
1054489
1054828
1055148
1055454
1055761
1056075
1056412
1056765
1057128
1057491
1057852
1058203
1058532
1058840
1059136
1059423
1059716
1060017
1060333
1060671
1061025
1061390
1061756
1062121
1062470
1062801
1063132
1063469
1063822
1064190
1064563
1064938
1065319
1065701
1066074
1066432
1066779
1067121
1067471
1067834
1068207
1068585
1068965
1069341
1069711
1070071
1070421
1070753
1071074
1071395
1071719
1072050
1072396
1072754
1073114
1073474
1073823
1074152
1074472
1074794
1075128
1075474
1075824
1076170
1076509
1076834
1077145
1077448
1077748
1078052
1078371
1078704
1079040
1079359
1079661
1079960
1080257
1080559
1080871
1081195
1081536
1081888
1082241
1082591
1082932
1083257
1083567
1083869
1084169
1084473
1084793
1085132
1085480
1085835
1086195
1086549
1086886
1087211
1087540
1087885
1088249
1088615
1088974
1089324
1089657
1089973
1090272
1090566
1090863
1091165
1091481
1091809
1092160
1092518
1092886
1093263
1093634
1093979
1094308
1094634
1094960
1095300
1095656
1096019
1096384
1096745
1097107
1097469
1097813
1098137
1098456
1098775
1099104
1099442
1099782
1100117
1100446
1100758
1101077
1101395
1101712
1102030
1102350
1102671
1102982
1103282
1103576
1103872
1104177
1104501
1104850
1105216
1105593
1105977
1106359
1106736
1107110
1107471
1107811
1108134
1108437
1108732
1109021
1109322
1109638
1109975
1110332
1110712
1111099
1111487
1111866
1112243
1112599
1112927
1113235
1113533
1113829
1114135
1114457
1114795
1115153
1115520
1115867
1116196
1116536
1116894
1117260
1117630
1117993
1118342
1118674
1119000
1119328
1119663
1120009
1120367
1120732
1121108
1121486
1121866
1122243
1122614
1122980
1123342
1123687
1124015
1124330
1124645
1124968
1125303
1125670
1126041
1126412
1126786
1127161
1127531
1127890
1128237
1128573
1128890
1129190
1129484
1129773
1130069
1130377
1130710
1131063
1131425
1131783
1132146
1132501
1132827
1133137
1133448
1133762
1134089
1134431
1134782
1135133
1135484
1135827
1136165
1136504
1136835
1137144
1137447
1137752
1138063
1138386
1138733
1139103
1139483
1139866
1140250
1140628
1140974
1141309
1141642
1141981
1142325
1142674
1143034
1143374
1143698
1144022
1144351
1144702
1145074
1145450
1145811
1146160
1146516
1146886
1147270
1147662
1148041
1148404
1148736
1149047
1149352
1149653
1149962
1150291
1150645
1151019
1151401
1151783
1152167
1152530
1152884
1153233
1153588
1153950
1154313
1154650
1154974
1155297
1155628
1155970
1156326
1156690
1157051
1157409
1157763
1158112
1158441
1158748
1159043
1159335
1159635
1159947
1160276
1160618
1160971
1161343
1161726
1162110
1162486
1162847
1163189
1163530
1163876
1164232
1164596
1164969
1165348
1165733
1166115
1166485
1166829
1167153
1167468
1167787
1168120
1168479
1168859
1169249
1169639
1170027
1170405
1170773
1171114
1171430
1171742
1172053
1172367
1172693
1173051
1173438
1173831
1174230
1174626
1175001
1175358
1175707
1176056
1176412
1176777
1177138
1177483
1177812
1178116
1178406
1178696
1178992
1179300
1179626
1179972
1180330
1180690
1181060
1181430
1181784
1182117
1182444
1182775
1183118
1183471
1183833
1184196
1184558
1184912
1185243
1185570
1185898
1186243
1186603
1186971
1187337
1187704
1188072
1188442
1188800
1189130
1189456
1189782
1190115
1190464
1190819
1191188
1191559
1191917
1192268
1192626
1192992
1193365
1193739
1194103
1194442
1194768
1195093
1195419
1195753
1196095
1196427
1196734
1197031
1197329
1197635
1197959
1198310
1198679
1199049
1199416
1199759
1200088
1200414
1200739
1201069
1201411
1201763
1202097
1202427
1202772
1203133
1203506
1203878
1204232
1204594
1204962
1205337
1205713
1206068
1206397
1206720
1207042
1207372
1207721
1208091
1208465
1208824
1209159
1209486
1209813
1210143
1210488
1210838
1211193
1211554
1211915
1212266
1212596
1212924
1213259
1213600
1213950
1214302
1214660
1215009
1215329
1215638
1215952
1216280
1216632
1217002
1217376
1217749
1218106
1218442
1218768
1219098
1219443
1219802
1220171
1220528
1220860
1221187
1221524
1221863
1222224
1222582
1222916
1223249
1223598
1223951
1224300
1224631
1224949
1225258
1225569
1225889
1226225
1226574
1226932
1227288
1227637
1227967
1228280
1228584
1228886
1229192
1229510
1229854
1230218
1230587
1230940
1231283
1231637
1231992
1232352
1232716
1233082
1233441
1233798
1234128
1234442
1234750
1235057
1235372
1235704
1236063
1236432
1236791
1237135
1237480
1237830
1238189
1238557
1238924
1239271
1239594
1239905
