403
797
1214
1648
2092
2528
2953
3382
3814
4244
4671
5100
5531
5958
6377
6774
7188
7622
8060
8494
8923
9346
9758
10158
10550
10925
11295
11671
12063
12452
12860
13286
13725
14166
14595
15005
15396
15775
16145
16528
16922
17314
17727
18148
18567
18992
19417
19842
20269
20695
21125
21553
21957
22357
22762
23179
23613
24047
24480
24911
25344
25773
26202
26632
27064
27485
27913
28334
28730
29148
29606
30061
30507
30952
31396
31841
32286
32734
33183
33620
34050
34483
34920
35353
35785
36212
36641
37059
37478
37896
38298
38682
39079
39494
39905
40347
40802
41234
41682
42132
42566
42997
43421
43852
44285
44738
45179
45615
46035
46457
46882
47310
47734
48173
48616
49049
49497
49957
50408
50871
51335
51783
52226
52660
53071
53451
53837
54236
54626
55000
55362
55714
56083
56458
56880
57313
57725
58149
58574
59004
59445
59888
60322
60749
61178
61609
62034
62462
62899
63339
63765
64197
64634
65062
65491
65924
66349
66752
67159
67572
67988
68395
68818
69252
69678
70126
70580
71025
71469
71913
72348
72779
73219
73649
74073
74508
74932
75362
75790
76211
76649
77088
77501
77886
78275
78676
79070
79485
79915
80338
80753
81179
81621
82067
82508
82942
83361
83775
84191
84613
85042
85486
85949
86418
86880
87330
87783
88229
88658
89067
89476
89883
90292
90735
91199
91646
92108
92563
92993
93432
93877
94307
94744
95178
95595
96018
96450
96898
97330
97764
98187
98590
99011
99453
99881
100300
100715
101119
101536
101961
102386
102808
103231
103633
104041
104451
104852
105266
105694
106117
106542
106970
107388
107803
108221
108629
109020
109426
109841
110226
110612
110979
111357
111756
112176
112609
113043
113463
113890
114312
114722
115114
115512
115918
116326
116742
117166
117597
118020
118456
118897
119321
119750
120178
120595
121015
121439
121861
122281
122719
123153
123573
123997
124424
124843
125261
125696
126131
126542
126954
127363
127761
128168
128584
128989
129412
129843
130260
130690
131123
131531
131951
132371
132770
133196
133645
134079
134522
134960
135398
135829
136261
136698
137134
137553
137967
138381
138787
139187
139582
139985
140388
140804
141229
141632
142047
142464
142875
143290
143720
144160
144584
145005
145420
145823
146230
146641
147062
147509
147961
148386
148809
149230
149631
150029
150430
150817
151207
151603
152004
152408
152815
153222
153634
154032
154434
154835
155215
155601
155988
156387
156794
157218
157653
158086
158521
158942
159347
159739
160144
160545
160931
161299
161654
162042
162517
163025
163534
164018
164474
164914
165334
165736
166126
166518
166923
167341
167772
168202
168627
169047
169468
169886
170288
170666
171050
171445
171847
172241
172654
173069
173472
173885
174312
174742
175169
175606
176046
176483
176913
177349
177782
178199
178623
179052
179478
179893
180316
180746
181162
181597
182039
182478
182915
183356
183800
184232
184674
185114
185535
185960
186387
186806
187213
187624
188043
188446
188856
189267
189666
190063
190476
190895
191311
191728
192146
192550
192947
193349
193754
194152
194558
194963
195363
195773
196189
196596
197009
197418
197781
198134
198468
198807
199204
199644
200085
200551
201036
201523
201997
202458
202900
203328
203746
204147
204556
204982
205423
205859
206297
206740
207164
207589
208004
208413
208833
209262
209693
210108
210535
210967
211391
211800
212212
212625
213018
213389
213779
214194
214645
215104
215562
216019
216474
216917
217352
217779
218189
218595
219014
219454
219888
220333
220782
221220
221641
222067
222514
222977
223439
223906
224370
224809
225250
225685
226121
226537
226950
227352
227739
228131
228539
228959
229382
229814
230247
230664
231072
231488
231908
232315
232724
233129
233531
233924
234334
234757
235185
235614
236040
236461
236875
237287
237697
238108
238536
238969
239381
239757
240134
240525
240944
241384
241811
242242
242672
243089
243513
243939
244364
244774
245174
245568
245960
246358
246770
247200
247628
248041
248460
248882
249308
249730
250162
250603
251048
251483
251916
252343
252745
253151
253563
253959
254329
254696
255055
255420
255834
256263
256701
257146
257555
257951
258321
258703
259093
259492
259907
260325
260730
261132
261543
261961
262380
262803
263236
263664
264079
264482
264881
265285
265687
266107
266538
266978
267420
267875
268330
268778
269243
269710
270176
270627
271083
271529
271956
272382
272806
273218
273604
274003
274420
274833
275273
275723
276164
276618
277071
277488
277875
278269
278678
279105
279529
279959
280391
280813
281237
281661
282088
282518
282962
283413
283861
284298
284734
285166
285602
286042
286491
286949
287395
287846
288296
288732
289184
289649
290109
290558
291003
291436
291856
292272
292692
293103
293526
293963
294397
294848
295304
295750
296192
296632
297078
297509
297947
298390
298815
299235
299665
300099
300531
300963
301384
301790
302207
302631
303045
303459
303874
304281
304687
305092
305494
305889
306295
306707
307098
307496
307890
308266
308643
309019
309385
309742
310093
310463
310845
311232
311633
312037
312462
312894
313323
313743
314158
314567
314960
315338
315697
316048
316405
316777
317204
317663
318123
318596
319063
319521
319966
320405
320838
321257
321675
322090
322504
322909
323313
323721
324140
324563
324974
325393
325819
326229
326649
327068
327470
327873
328296
328743
329172
329593
330018
330446
330861
331288
331710
332098
332488
332888
333297
333731
334176
334605
335041
335507
335981
336453
336913
337365
337813
338261
338699
339128
339560
339996
340430
340866
341302
341731
342156
342572
342961
343321
343671
344035
344465
344945
345444
345935
346416
346882
347333
347772
348201
348618
349029
349437
349843
350232
350602
350961
351331
351720
352164
352625
353078
353514
353943
354357
354769
355185
355599
356004
356405
356812
357227
357658
358095
358507
358927
359360
359792
360219
360608
360976
361345
361729
362102
362484
362883
363296
363706
364112
364524
364941
365363
365782
366203
366621
367036
367453
367871
368282
368696
369102
369507
369912
370296
370686
371088
371466
371833
372185
372527
372858
373209
373621
374049
374468
374870
375278
375685
376108
376523
376938
377354
377769
378179
378576
378977
379378
379785
380191
380613
381045
381479
381915
382357
382797
383224
383658
384094
384512
384935
385359
385775
386191
386617
387045
387459
387880
388303
388717
389123
389524
389909
390276
390644
391026
391446
391918
392400
392865
393321
393766
394199
394622
395029
395431
395834
396231
396619
397002
397379
397750
398112
398495
398906
399375
399854
400322
400762
401184
401604
402021
402436
402857
403281
403699
404102
404522
404968
405430
405899
406367
406824
407259
407682
408084
408457
408811
409172
409547
409980
410469
410955
411451
411929
412384
412828
413255
413661
414046
414414
414795
415210
415672
416136
416577
417013
417442
417869
418285
418712
419151
419588
420014
420440
420865
421290
421714
422110
422507
422914
423325
423738
424155
424571
424967
425341
425721
426115
426530
426914
427268
427619
427956
428304
428723
429189
429659
430118
430570
431013
431444
431861
432269
432655
433020
433362
433692
434015
434330
434634
434931
435224
435516
435861
436333
436792
437253
437719
438174
438629
439073
439492
439900
440315
440745
441182
441613
442027
442432
442847
443287
443736
444184
444631
445081
445532
445980
446416
446833
447237
447640
448039
448432
448842
449275
449717
450148
450573
450996
451405
451811
452209
452600
452972
453350
453736
454134
454515
454900
455293
455701
456103
456513
456920
457315
457696
458076
458461
458852
459241
459622
459999
460364
460715
461061
461403
461771
462188
462595
463013
463449
463888
464325
464745
465162
465570
465974
466360
466724
467074
467427
467773
468125
468489
468876
469279
469667
470056
470452
470872
471320
471775
472228
472677
473116
473545
473965
474385
474800
475206
475594
475980
476367
476751
477134
477534
477952
478389
478817
479248
479683
480110
480534
480953
481353
481762
482188
482612
483046
483483
483905
484309
484709
485107
485499
485910
486340
486764
487199
487635
488056
488476
488898
489321
489737
490148
490547
490913
491269
491620
491983
492348
492728
493100
493450
493788
494117
494436
494745
495049
495367
495716
496096
496472
496847
497223
497597
497971
498338
498703
499067
499421
499776
500129
500488
500854
501229
501624
502034
502452
502875
503305
503740
504174
504609
505044
505461
505873
506284
506682
507090
507511
507937
508378
508823
509259
509705
510135
510529
510897
511264
511645
512082
512549
513006
513455
513900
514335
514751
515153
515557
515960
516355
516731
517099
517463
517845
518271
518734
519199
519671
520137
520569
520980
521387
521793
522197
522578
522957
523332
523705
524065
524430
524800
525181
525549
525932
526334
526737
527154
527567
527966
528350
528732
529114
529495
529872
530255
530653
531057
531458
531862
532260
532658
533043
533433
533835
534238
534634
535035
535435
535832
536230
536629
537020
537394
537772
538154
538534
538913
539296
539674
540028
540374
540716
541074
541455
541828
542219
542622
543017
543415
543810
544197
544579
544957
545331
545701
546072
546444
546811
547180
547553
547925
548296
548664
549024
549365
549692
550016
550328
550643
550992
551396
551792
552191
552581
552955
553307
553646
553978
554311
554646
554980
555306
555624
555937
556248
556555
556862
557164
557460
557753
558047
558368
558761
559148
559511
559875
560238
560577
560912
561252
561602
561966
562337
562691
563031
563365
563698
564031
564380
564741
565104
565463
565829
566197
566573
566949
567322
567684
568037
568390
568749
569119
569496
569879
570265
570661
571053
571443
571832
572218
572596
572968
573338
573698
574056
574411
574756
575090
575434
575797
576218
576654
577106
577558
577983
578393
578790
579183
579568
579948
580322
580697
581067
581444
581823
582206
582574
582943
583315
583706
584100
584489
584875
585264
585640
586015
586390
586764
587136
587502
587866
588229
588588
588941
589300
589665
590036
590405
590773
591133
591490
591848
592209
592567
592917
593274
593645
594030
594401
594761
595128
595511
595907
596289
596688
597085
597471
597841
598214
598587
598983
599399
599819
600234
600647
601056
601454
601846
602232
602618
603000
603383
603771
604174
604586
604996
605411
605829
606236
606639
607038
607446
607845
608255
608668
609082
609501
609932
610364
610772
611182
611590
611983
612392
612811
613228
613656
614085
614498
614910
615320
615723
616118
616514
616929
617320
617714
618104
618500
618884
619282
619687
620090
620500
620911
621324
621726
622133
622539
622929
623319
623708
624091
624479
624870
625271
625666
626063
626460
626859
627242
627636
628042
628469
628898
629328
629763
630176
630561
630959
631377
631814
632245
632676
633107
633535
633959
634384
634814
635233
635647
636056
636458
636862
637277
637701
638124
638552
638982
639406
639817
640220
640617
640994
641378
641777
642191
642601
643027
643457
643876
644297
644722
645131
645542
645955
646369
646783
647199
647613
648028
648447
648865
649275
649677
650071
650446
650835
651248
651682
652114
652543
652960
653353
653747
654148
654546
654943
655352
655770
656176
656589
657017
657445
657856
658268
658681
659082
659482
659880
660277
660678
661074
661473
661878
662281
662690
663101
663516
663920
664329
664737
665134
665504
665862
666233
666630
667084
667556
668012
668463
668910
669332
669747
670150
670537
670921
671304
671700
672087
672488
672907
673343
673783
674227
674664
675064
675438
675789
676128
676464
676800
677149
677520
677931
678343
678773
679206
679620
680030
680434
680823
681204
681587
681977
682361
682747
683138
683544
683946
684357
684771
685182
685591
686010
686430
686848
687271
687687
688092
688489
688885
689282
689673
690067
690459
690863
691267
691685
692106
692519
692921
693322
693722
694116
694521
694938
695353
695759
696163
696562
696945
697329
697717
698105
698501
698901
699308
699708
700111
700511
700902
701280
701656
702035
702415
702792
703177
703570
703966
704370
704776
705178
705574
705976
706382
706784
707165
707544
707940
708374
708807
709233
709659
710074
710496
710922
711350
711775
712197
712611
712997
713380
713762
714145
714517
714903
715304
715707
716118
716541
716966
717385
717798
718205
718593
718981
719368
719747
720124
720522
720945
721369
721800
722230
722646
723064
723478
723886
724283
724687
725094
725490
725867
726251
726643
727046
727445
727865
728301
728731
729164
729612
730057
730488
730909
731323
731721
732121
732522
732933
733341
733769
734207
734649
735086
735520
735952
736370
736790
737212
737626
738038
738456
738874
739282
739694
740119
740571
741038
741493
741945
742380
742796
743210
743628
744035
744440
744866
745309
745737
746159
746581
746994
747387
747783
748187
748586
748985
749393
749798
750190
750588
750989
751384
751785
752189
752601
753003
753411
753825
754234
754646
755057
755470
755873
756276
756673
757047
757394
757729
758060
758411
758852
759355
759866
760365
760825
761270
761699
762100
762485
762861
763234
763602
763981
764369
764764
765154
765544
765936
766329
766712
767069
767416
767764
768131
768529
768919
769317
769724
770156
770584
771004
771409
771796
772180
772557
772932
773304
773684
774068
774465
774863
775278
775700
776117
776522
776927
777328
777714
778109
778504
778892
779280
779678
780082
780473
780868
781271
781673
782087
782506
782923
783317
783709
784104
784496
784891
785287
785689
786085
786490
786897
787294
787693
788075
788441
788802
789166
789548
789933
790329
790731
791139
791539
791944
792345
792735
793119
793497
793877
794255
794642
795032
795425
795800
796179
796564
796964
797368
797805
798254
798687
799096
799489
799867
800213
800552
800881
801213
801595
802022
802471
802928
803370
803799
804227
804649
805057
805467
805878
806277
806678
807081
807483
807894
808305
808716
809115
809513
809912
810304
810701
811100
811507
811891
812273
812654
813060
813457
813875
814313
814741
815161
815577
815990
816380
816785
817199
817614
818026
818456
818895
819318
819749
820177
820589
820962
821307
821640
821971
822308
822675
823055
823476
823926
824360
824794
825220
825636
826036
826420
826798
827171
827547
827924
828306
828688
829075
829465
829858
830241
830635
831028
831417
831816
832221
832629
833027
833439
833861
834270
834693
835121
835524
835936
836351
836742
837143
837551
837950
838338
838729
839137
839537
839947
840363
840766
841178
841592
841992
842391
842796
843205
843616
844029
844441
844853
845275
845701
846123
846546
846971
847388
847802
848208
848612
849010
849413
849811
850193
850561
850941
851346
851768
852190
852617
853050
853468
853889
854315
854737
855157
855571
855952
856311
856665
857029
857392
857787
858226
858672
859143
859622
860082
860534
860976
861402
861824
862246
862668
863078
863484
863887
864283
864692
865108
865524
865945
866367
866788
867204
867617
868025
868401
868772
869141
869501
869865
870248
870664
871078
871514
871957
872390
872816
873237
873655
874058
874466
874864
875251
875640
876028
876420
876802
877201
877620
878047
878466
878891
879314
879713
880074
880414
880742
881069
881405
881821
882259
882688
883149
883591
884026
884449
884860
885248
885630
886013
886393
886778
887164
887553
887950
888343
888716
889088
889465
889860
890256
890674
891107
891559
891995
892424
892842
893252
893646
894049
894469
894893
895303
895714
896130
896552
896975
897396
897813
898228
898645
899070
899474
899842
900211
900586
900976
901358
901768
902192
902599
903017
903428
903817
904210
904604
904988
905386
905786
906181
906572
906971
907373
907775
908171
908561
908945
909325
909715
910113
910508
910912
911315
911715
912106
912510
912920
913325
913728
914129
914521
914906
915301
915706
916094
916489
916883
917265
917648
918045
918447
918837
919234
919635
920027
920426
920824
921204
921588
921977
922364
922738
923124
923510
923895
924288
924693
925101
925500
925905
926311
926697
927081
927464
927842
928219
928602
928992
929348
929680
930003
930322
930643
930988
931345
931732
932150
932548
932933
933307
933658
934009
934356
934703
935042
935388
935734
936087
936438
936773
937099
937429
937790
938210
938644
939076
939486
939899
940308
940716
941126
941537
941944
942349
942747
943138
943531
943934
944340
944737
945135
945537
945928
946304
946686
947083
947476
947882
948295
948710
949104
949498
949892
950288
950662
951038
951416
951805
952189
952569
952952
953347
953731
954101
954470
954848
955234
955608
955991
956380
956777
957160
957535
957896
958261
958616
958960
959286
959612
959945
960306
960691
961073
961473
961895
962321
962743
963144
963531
963915
964298
964675
965062
965451
965853
966255
966665
967076
967487
967899
968311
968718
969117
969508
969891
970277
970651
971004
971356
971708
972082
972476
972862
973263
973672
974083
974489
974894
975293
975674
976050
976424
976801
977172
977551
977938
978336
978726
979114
979472
979803
980125
980441
980761
981133
981606
982079
982541
983010
983478
983909
984316
984707
985083
985452
985814
986181
986546
986920
987293
987668
988059
988469
988892
989314
989732
990141
990529
990887
991244
991596
991960
992335
992713
993119
993529
993948
994352
994764
995173
995567
995962
996349
996731
997087
997448
997803
998165
998520
998893
999275
999655
1000027
1000404
1000788
1001158
1001503
1001827
1002145
1002455
1002761
1003073
1003398
1003717
1004032
1004354
1004688
1005036
1005382
1005715
1006038
1006352
1006659
1006974
1007306
1007669
1008033
1008385
1008720
1009055
1009390
1009725
1010065
1010399
1010733
1011069
1011404
1011742
1012076
1012404
1012739
1013079
1013438
1013807
1014170
1014545
1014931
1015329
1015726
1016107
1016488
1016870
1017245
1017604
1017958
1018320
1018704
1019105
1019493
1019877
1020268
1020668
1021068
1021448
1021830
1022221
1022614
1022990
1023371
1023763
1024170
1024587
1024990
1025399
1025808
1026221
1026621
1026979
1027315
1027650
1027994
1028390
1028843
1029281
1029731
1030179
1030610
1031038
1031458
1031871
1032266
1032669
1033069
1033472
1033877
1034294
1034720
1035138
1035558
1035983
1036405
1036823
1037238
1037653
1038055
1038457
1038865
1039262
1039635
1040026
1040446
1040906
1041359
1041829
1042301
1042743
1043145
1043535
1043917
1044295
1044656
1045027
1045413
1045827
1046255
1046724
1047211
1047685
1048151
1048611
1049059
1049475
1049886
1050275
1050641
1051025
1051425
1051845
1052251
1052653
1053083
1053538
1054015
1054479
1054946
1055411
1055864
1056298
1056719
1057112
1057475
1057823
1058175
1058532
1058896
1059277
1059688
1060131
1060563
1060998
1061434
1061869
1062296
1062721
1063133
1063534
1063924
1064314
1064706
1065097
1065497
1065910
1066328
1066743
1067149
1067555
1067965
1068369
1068766
1069161
1069561
1069954
1070355
1070764
1071165
1071555
1071942
1072331
1072711
1073081
1073464
1073855
1074272
1074688
1075102
1075499
1075860
1076197
1076526
1076851
1077188
1077583
1077999
1078421
1078850
1079278
1079704
1080122
1080531
1080923
1081306
1081676
1082031
1082378
1082710
1083042
1083377
1083718
1084072
1084446
1084825
1085202
1085580
1085962
1086353
1086742
1087132
1087528
1087923
1088311
1088695
1089072
1089448
1089811
1090176
1090549
1090927
1091295
1091667
1092045
1092419
1092799
1093185
1093583
1093977
1094360
1094738
1095110
1095471
1095833
1096201
1096581
1096951
1097330
1097713
1098098
1098472
1098850
1099229
1099603
1099963
1100320
1100682
1101042
1101396
1101748
1102110
1102483
1102862
1103244
1103625
1103996
1104363
1104724
1105088
1105443
1105804
1106174
1106554
1106927
1107301
1107675
1108058
1108438
1108823
1109210
1109600
1109983
1110366
1110727
1111060
1111385
1111705
1112019
1112371
1112869
1113361
1113821
1114285
1114740
1115171
1115589
1115991
1116381
1116762
1117145
1117532
1117913
1118282
1118655
1119031
1119409
1119803
1120214
1120632
1121041
1121448
1121852
1122243
1122632
1123020
1123403
1123785
1124167
1124549
1124923
1125274
1125617
1125966
1126334
1126773
1127234
1127673
1128110
1128542
1128963
1129380
1129790
1130195
1130585
1130959
1131328
1131692
1132068
1132460
1132870
1133283
1133705
1134124
1134540
1134937
1135325
1135703
1136062
1136396
1136728
1137061
1137442
1137895
1138338
1138795
1139249
1139696
1140132
1140557
1140964
1141335
1141704
1142072
1142448
1142831
1143226
1143621
1144011
1144373
1144727
1145078
1145432
1145773
1146108
1146433
1146751
1147060
1147364
1147663
1147964
1148274
1148590
1148913
1149240
1149558
1149877
1150198
1150525
1150857
1151184
1151506
1151833
1152170
1152526
1152898
1153272
1153634
1153995
1154362
1154734
1155118
1155517
1155918
1156316
1156710
1157098
1157484
1157873
1158264
1158658
1159052
1159439
1159812
1160159
1160510
1160880
1161327
1161772
1162239
1162718
1163189
1163631
1164048
1164463
1164872
1165268
1165648
1166028
1166405
1166793
1167176
1167548
1167925
1168323
1168729
1169141
1169547
1169951
1170345
1170738
1171113
1171496
1171885
1172288
1172693
1173072
1173434
1173786
1174128
1174468
1174833
1175228
1175611
1176012
1176434
1176861
1177266
1177666
1178066
1178474
1178884
1179285
1179678
1180048
1180413
1180777
1181149
1181534
1181933
1182335
1182740
1183141
1183534
1183934
1184337
1184746
1185155
1185562
1185961
1186363
1186762
1187162
1187563
1187968
1188368
1188758
1189144
1189526
1189911
1190312
1190730
1191153
1191581
1192005
1192420
1192820
1193219
1193616
1194014
1194399
1194780
1195158
1195524
1195887
1196256
1196639
1197059
1197474
1197884
1198294
1198712
1199121
1199502
1199854
1200208
1200564
1200940
1201323
1201674
1202022
1202365
1202725
1203115
1203524
1203933
1204328
1204711
1205076
1205424
1205772
1206122
1206495
1206889
1207284
1207683
1208070
1208422
1208768
1209088
1209426
1209800
1210194
1210585
1210958
1211300
1211630
1211959
1212297
1212682
1213128
1213592
1214044
1214488
1214923
1215345
1215752
1216143
1216521
1216890
1217256
1217619
1217981
1218344
1218711
1219082
1219462
1219842
1220218
1220594
1220975
1221357
1221728
1222102
1222476
1222866
1223252
1223620
1223995
1224373
1224757
1225141
1225518
1225900
1226288
1226673
1227042
1227406
1227761
1228116
1228464
1228801
1229130
1229457
1229795
1230171
1230622
1231084
1231540
1231984
1232409
1232801
1233168
1233523
1233871
1234218
1234558
1234904
1235262
1235633
1236001
1236379
1236780
1237206
1237646
1238068
1238482
1238883
1239265
1239619
1239952
