351
722
1113
1521
1937
2340
2714
3092
3465
3829
4188
4534
4885
5244
5613
5989
6363
6734
7121
7501
7881
8258
8620
8984
9350
9726
10088
10441
10803
11167
11538
11912
12274
12627
12995
13371
13765
14139
14500
14870
15237
15604
15966
16314
16670
17042
17439
17842
18247
18635
19020
19401
19773
20119
20461
20810
21169
21542
21911
22290
22681
23091
23481
23845
24217
24594
24967
25319
25662
26013
26373
26742
27123
27518
27907
28315
28722
29104
29488
29874
30255
30638
31012
31411
31830
32275
32693
33104
33508
33902
34285
34653
35022
35401
35806
36211
36605
37009
37424
37832
38210
38585
38957
39327
39688
40059
40438
40820
41190
41565
41926
42273
42628
43022
43391
43755
44125
44504
44874
45233
45618
46020
46430
46814
47206
47597
47999
48396
48806
49210
49613
49984
50357
50739
51146
51566
51975
52394
52808
53213
53588
53972
54353
54738
55108
55489
55880
56268
56654
57024
57417
57817
58212
58587
58958
59336
59733
60135
60527
60925
61317
61709
62083
62473
62860
63248
63634
64032
64420
64819
65202
65571
65955
66324
66691
67051
67422
67814
68208
68601
68987
69378
69769
70164
70547
70934
71323
71705
72073
72444
72818
73191
73568
73937
74306
74685
75068
75443
75813
76204
76594
76990
77369
77729
78093
78456
78817
79176
79526
79883
80244
80624
81012
81380
81757
82136
82543
82944
83311
83673
84048
84431
84821
85203
85591
85971
86362
86742
87132
87528
87935
88325
88723
89125
89525
89915
90298
90682
91073
91455
91833
92224
92614
93016
93420
93818
94220
94613
94996
95372
95749
96121
96506
96885
97265
97643
98022
98404
98795
99153
99523
99889
100263
100638
100996
101358
101727
102111
102523
102916
103284
103656
104025
104387
104738
105078
105408
105731
106045
106355
106669
106999
107366
107770
108169
108538
108926
109321
109729
110129
110521
110877
111248
111617
111994
112404
112782
113169
113562
113942
114319
114669
115021
115383
115743
116112
116457
116810
117152
117500
117859
118204
118542
118893
119257
119613
119963
120303
120644
120981
121317
121651
121980
122299
122618
122952
123306
123679
124063
124425
124800
125189
125584
125949
126309
126666
127021
127386
127757
128135
128508
128885
129254
129630
130015
130409
130788
131157
131534
131916
132284
132633
132977
133334
133707
134064
134405
134758
135120
135487
135855
136245
136650
137056
137432
137796
138173
138546
138928
139293
139650
140010
140375
140743
141109
141465
141841
142218
142595
142959
143324
143678
144023
144361
144699
145044
145405
145767
146128
146506
146891
147277
147645
148008
148368
148722
149068
149407
149748
150085
150427
150780
151148
151530
151913
152288
152647
153006
153369
153732
154095
154446
154787
155135
155492
155864
156232
156585
156946
157308
157678
158042
158391
158747
159100
159453
159797
160144
160526
160907
161302
161674
162043
162417
162798
163177
163544
163930
164323
164712
165076
165455
165844
166253
166640
167023
167417
167819
168216
168599
168969
169353
169736
170119
170482
170856
171246
171653
172058
172445
172861
173289
173714
174122
174516
174916
175316
175734
176124
176523
176930
177341
177743
178135
178533
178936
179339
179733
180133
180534
180934
181316
181692
182087
182485
182894
183286
183658
184039
184429
184816
185201
185569
185946
186335
186731
187115
187484
187860
188238
188612
188982
189341
189710
190080
190447
190797
191146
191501
191869
192253
192633
193003
193363
193728
194097
194460
194815
195163
195505
195846
196206
196590
196993
197411
197830
198256
198674
199073
199462
199851
200232
200598
200964
201327
201715
202108
202504
202914
203303
203697
204084
204483
204867
205231
205604
205996
206414
206822
207209
207611
208010
208401
208777
209145
209522
209904
210298
210675
211060
211454
211858
212258
212633
213001
213367
213735
214090
214439
214792
215169
215577
215982
216373
216771
217177
217577
217954
218314
218677
219042
219410
219779
220139
220514
220878
221229
221570
221904
222241
222584
222945
223302
223645
224013
224387
224744
225115
225495
225875
226254
226612
226978
227354
227737
228125
228498
228870
229268
229679
230111
230520
230936
231359
231769
232165
232569
232981
233394
233806
234203
234586
234982
235369
235748
236114
236495
236889
237310
237733
238129
238540
238948
239352
239727
240098
240488
240886
241273
241641
242029
242429
242845
243247
243635
244037
244434
244831
245209
245564
245934
246311
246706
247094
247477
247874
248285
248695
249098
249480
249862
250245
250617
250974
251342
251726
252140
252552
252945
253369
253797
254213
254602
254964
255330
255698
256069
256450
256827
257227
257639
258061
258453
258831
259228
259628
260030
260421
260814
261219
261624
262034
262429
262836
263250
263669
264069
264464
264878
265311
265751
266171
266590
267014
267420
267814
268192
268591
268998
269435
269855
270246
270634
271016
271401
271780
272139
272504
272892
273309
273712
274090
274482
274880
275271
275637
275997
276364
276740
277113
277472
277829
278181
278524
278862
279219
279592
279952
280313
280681
281051
281418
281778
282143
282524
282907
283306
283701
284103
284516
284942
285335
285717
286104
286502
286916
287323
287703
288096
288497
288909
289320
289706
290074
290450
290839
291234
291619
292013
292412
292833
293237
293617
294015
294398
294769
295136
295502
295867
296253
296661
297075
297480
297857
298252
298648
299043
299415
299790
300175
300566
300957
301335
301716
302089
302451
302800
303141
303483
303840
304213
304596
304969
305335
305710
306082
306463
306843
307209
307563
307903
308245
308592
308940
309287
309630
309972
310332
310724
311132
311531
311904
312292
312662
313016
313363
313718
314084
314463
314839
315206
315558
315903
316259
316614
316976
317351
317724
318101
318494
318888
319264
319634
320018
320404
320786
321147
321511
321881
322251
322633
323000
323353
323720
324095
324484
324879
325259
325650
326056
326467
326846
327243
327641
328040
328428
328801
329180
329572
329979
330374
330761
331165
331564
331947
332324
332708
333103
333501
333899
334280
334661
335043
335430
335813
336182
336567
336978
337395
337789
338178
338574
338969
339356
339725
340095
340471
340857
341259
341648
342049
342463
342871
343260
343649
344036
344422
344805
345176
345536
345915
346291
346671
347029
347374
347721
348071
348423
348787
349166
349554
349939
350310
350696
351082
351480
351869
352243
352622
353005
353387
353767
354139
354510
354893
355278
355654
356013
356383
356774
357157
357532
357889
358245
358611
358994
359392
359765
360151
360544
360941
361331
361701
362077
362452
362836
363206
363565
363930
364306
364686
365057
365419
365792
366174
366559
366935
367297
367657
368019
368376
368734
369078
369417
369765
370121
370491
370869
371228
371594
371966
372335
372700
373051
373404
373763
374123
374499
374863
375245
375645
376042
376430
376804
377179
377560
377944
378340
378720
379098
379497
379904
380307
380689
381078
381478
381890
382300
382703
383079
383459
383851
384244
384633
385011
385417
385832
386259
386676
387060
387443
387816
388186
388548
388901
389261
389642
390043
390457
390835
391217
391602
391992
392388
392761
393121
393483
393845
394208
394582
394950
395327
395725
396130
396545
396935
397307
397678
398054
398418
398765
399114
399473
399857
400251
400619
400976
401340
401703
402069
402437
402788
403133
403479
403829
404180
404530
404884
405229
405590
405962
406338
406722
407094
407444
407796
408142
408480
408818
409152
409486
409827
410181
410546
410899
411258
411621
412009
412395
412755
413098
413441
413780
414123
414450
414773
415102
415436
415795
416167
416569
416957
417335
417735
418123
418510
418888
419238
419597
419956
420327
420683
421027
421378
421735
422106
422474
422828
423188
423572
423987
424415
424814
425192
425576
425974
426375
426769
427145
427503
427858
428212
428582
429020
429475
429915
430339
430762
431162
431547
431923
432286
432634
432971
433298
433617
433939
434273
434657
435069
435487
435893
436286
436663
437028
437384
437739
438103
438495
438932
439346
439732
440124
440522
440929
441327
441704
442080
442470
442855
443230
443599
443960
444337
444727
445149
445536
445933
446336
446749
447158
447547
447942
448348
448768
449170
449551
449948
450350
450748
451153
451551
451936
452334
452729
453135
453529
453902
454282
454667
455056
455448
455817
456180
456557
456939
457347
457746
458118
458492
458880
459265
459648
460021
460399
460783
461156
461523
461872
462214
462562
462914
463281
463652
464014
464387
464789
465220
465657
466063
466444
466835
467221
467594
467950
468300
468651
469000
469354
469709
470067
470431
470804
471191
471583
471955
472309
472669
473037
473410
473777
474131
474488
474868
475257
475649
476033
476400
476774
477150
477529
477905
478266
478618
478982
479349
479727
480120
480496
480871
481252
481629
482007
482383
482762
483165
483597
484024
484443
484843
485259
485684
486101
486504
486881
487260
487633
488003
488377
488749
489127
489521
489922
490328
490720
491091
491461
491832
492210
492587
492948
493311
493681
494059
494437
494802
495172
495541
495922
496310
496672
497046
497427
497805
498173
498534
498904
499276
499649
500018
500376
500749
501125
501506
501878
502231
502584
502939
503298
503646
503989
504320
504647
504972
505305
505634
505965
506313
506695
507106
507486
507856
508230
508605
509009
509383
509745
510116
510486
510853
511224
511587
511961
512328
512704
513063
513419
513790
514165
514534
514887
515255
515623
516011
516389
516757
517137
517523
517918
518293
518651
519016
519377
519740
520096
520457
520850
521239
521622
521986
522344
522706
523060
523404
523737
524063
524391
524726
525089
525466
525824
526197
526574
526965
527339
527696
528049
528404
528756
529103
529443
529793
530140
530499
530846
531194
531537
531884
532243
532618
532990
533348
533724
534105
534491
534868
535225
535579
535940
536310
536691
537080
537451
537818
538208
538602
538989
539362
539727
540108
540489
540872
541245
541621
542003
542386
542763
543127
543492
543867
544244
544631
545011
545367
545726
546086
546460
546834
547191
547547
547913
548291
548687
549058
549440
549820
550210
550588
550952
551331
551705
552082
552457
552816
553179
553551
553931
554322
554692
555072
555458
555839
556207
556562
556917
557285
557660
558035
558391
558736
559073
559399
559714
560030
560345
560651
560974
561320
561654
561978
562337
562710
563067
563406
563750
564094
564434
564766
565089
565412
565740
566082
566442
566808
567165
567540
567918
568289
568647
569025
569406
569797
570175
570537
570909
571278
571660
572019
572375
572740
573115
573506
573873
574251
574629
575011
575384
575744
576116
576500
576898
577272
577652
578027
578404
578766
579126
579492
579861
580219
580572
580947
581314
581682
582033
582372
582722
583077
583432
583788
584141
584513
584893
585282
585649
586004
586359
586722
587097
587468
587825
588188
588558
588935
589308
589669
590044
590423
590806
591189
591565
591927
592306
592689
593086
593489
593859
594236
594621
595020
595412
595788
596192
596599
597005
597389
597781
598168
598546
598911
599267
599637
600041
600470
600874
601281
601721
602171
602596
602996
603413
603819
604218
604614
605016
605414
605816
606209
606581
606956
607339
607725
608109
608477
608840
609226
609620
610021
610405
610798
611199
611601
611985
612354
612743
613151
613569
613971
614381
614781
615193
615616
616025
616411
616786
617168
617555
617950
618334
618731
619149
619605
620053
620462
620857
621267
621672
622077
622461
622853
623255
623668
624090
624493
624871
625258
625651
626047
626453
626855
627238
627627
628033
628445
628835
629206
629576
629951
630342
630743
631135
631515
631900
632292
632696
633083
633450
633818
634204
634613
635029
635426
635830
636247
636665
637075
637463
637844
638224
638609
638998
639390
639766
640144
640507
640862
641213
641557
641900
642258
642639
643046
643436
643806
644178
644551
644921
645286
645637
645989
646357
646767
647184
647595
647992
648392
648786
649184
649568
649936
650314
650695
651089
651483
651881
652263
652624
652989
653366
653742
654102
654444
654787
655138
655488
655855
656239
656652
657058
657436
657791
658143
658498
658856
659244
659649
660033
660431
660827
661232
661631
662010
662394
662776
663169
663549
663918
664295
664688
665085
665491
665880
666248
666614
666990
667377
667788
668180
668556
668949
669369
669816
670224
670626
671033
671448
671858
672245
672612
673001
673404
673818
674227
674615
675006
675393
675772
676132
676494
676866
677260
677662
678061
678445
678851
679259
679666
680063
680441
680814
681188
681583
681988
682386
682765
683176
683601
684029
684440
684816
685192
685566
685954
686346
686725
687130
687556
687995
688425
688826
689225
689631
690028
690414
690780
691155
691545
691953
692342
692716
693104
693508
693912
694308
694682
695054
695436
695803
696168
696523
696884
697256
697647
698048
698434
698809
699200
699596
699991
700369
700740
701122
701511
701898
702273
702635
703007
703383
703770
704157
704525
704911
705306
705710
706098
706473
706858
707238
707613
707979
708349
708744
709149
709554
709942
710312
710701
711102
711489
711862
712238
712603
712965
713321
713666
714002
714329
714650
714968
715287
715620
715987
716393
716771
717128
717486
717840
718190
718531
718859
719182
719504
719823
720148
720483
720815
721140
721460
721777
722092
722406
722724
723046
723374
723701
724026
724346
724660
724970
725273
725575
725877
726192
726518
726870
727249
727633
727993
728334
728664
728999
729322
729662
730024
730375
730727
731075
731409
731735
732054
732369
732689
733022
733360
733720
734120
734561
735001
735422
735825
736189
736534
736873
737210
737550
737910
738272
738619
738962
739318
739689
740070
740435
740783
741129
741479
741837
742201
742563
742913
743257
743602
743945
744300
744662
745014
745382
745778
746178
746565
746940
747330
747719
748109
748477
748841
749210
749584
749960
750339
750701
751062
751429
751804
752181
752545
752917
753284
753654
754033
754396
754747
755101
755466
755835
756214
756581
756935
757292
757652
758016
758385
758756
759113
759467
759825
760185
760544
760896
761241
761574
761912
762256
762619
762989
763345
763705
764072
764444
764807
765156
765502
765846
766189
766533
766869
767200
767543
767889
768238
768586
768936
769280
769628
769977
770332
770689
771031
771379
771732
772092
772456
772818
773166
773507
773853
774194
774539
774884
775239
775599
775954
776320
776686
777061
777440
777803
778156
778507
778853
779194
779527
779855
780196
780543
780888
781245
781603
781960
782310
782670
783031
783404
783782
784148
784521
784897
785284
785684
786058
786437
786833
787241
787634
788014
788377
788755
789133
789525
789909
790278
790657
791047
791441
791827
792199
792558
792921
793291
793667
794026
794383
794752
795136
795520
795909
796277
796654
797025
797397
797767
798128
798500
798874
799265
799654
800026
800391
800773
801151
801525
801890
802253
802626
803001
803375
803740
804099
804470
804847
805233
805609
805973
806357
806754
807159
807560
807946
808343
808741
809139
809503
809861
810222
810589
810976
811355
811727
812130
812532
812924
813311
813677
814045
814416
814791
815167
815531
815898
816280
816667
817068
817454
817857
818269
818685
819078
819457
819845
820227
820601
820968
821327
821699
822072
822455
822820
823172
823516
823856
824211
824576
824931
825275
825631
825992
826347
826685
827010
827332
827649
827966
828286
828606
828924
829247
829574
829913
830256
830590
830915
831237
831560
831897
832251
832617
832982
833374
833779
834203
834617
835018
835446
835872
836293
836693
837087
837491
837898
838319
838716
839096
839489
839884
840286
840674
841059
841440
841824
842220
842595
842959
843327
843706
844107
844486
844850
845231
845609
845995
846363
846729
847092
847464
847836
848201
848555
848919
849279
849643
849994
850333
850669
851011
851386
851791
852184
852546
852896
853248
853597
853941
854285
854622
854960
855289
855614
855947
856310
856680
857036
857375
857710
858047
858394
858745
859108
859455
859795
860130
860464
860801
861137
861464
861785
862103
862416
862723
863031
863373
863750
864134
864520
864914
865296
865677
866071
866472
866876
867267
867658
868041
868447
868860
869266
869676
870096
870501
870876
871233
871589
871956
872341
872727
873100
873471
873887
874333
874785
875210
875610
876003
876377
876738
877082
877412
877751
878105
878492
878900
879275
879679
880074
880473
880872
881240
881595
881961
882337
882737
883122
883490
883871
884252
884658
885076
885466
885844
886235
886629
887031
887416
887783
888159
888532
888925
889291
889651
890025
890411
890808
891193
891568
891929
892282
892634
892989
893350
893728
894085
894437
894802
895192
895608
896002
896383
896770
897150
897539
897914
898283
898659
899039
899436
899840
900236
900621
901007
901387
901771
902161
902525
902901
903281
903674
904053
904408
904757
905100
905432
905755
906069
906382
906682
907002
907308
907614
907917
908219
908523
908836
909151
909463
909771
910077
910381
910684
910982
911279
911581
911883
912197
912535
912891
913259
913628
913997
914354
914719
915113
915506
915903
916309
916728
917130
917520
917897
918265
918626
918968
919307
919648
920009
920457
920905
921307
921686
922074
922466
922860
923232
923581
923924
924260
924596
924974
925339
925693
926073
926484
926926
927332
927712
928080
928455
928846
929242
929616
929982
930369
930773
931188
931567
931932
932308
932690
933088
933468
933851
934249
934644
935029
935387
935748
936106
936476
936854
937222
937577
937932
938291
938661
939020
939371
939731
940094
940459
940830
941189
941559
941944
942330
942714
943082
943449
943828
944206
944590
944968
945328
945699
946068
946438
946795
947149
947517
947888
948264
948634
948992
949358
949730
950097
950465
950812
951150
951486
951828
952188
952558
952922
953281
953657
954032
954417
954803
955168
955539
955914
956294
956677
957038
957406
957779
958152
958508
958856
959197
959541
959896
960272
960653
961028
961414
961809
962207
962593
962959
963320
963672
964015
964350
964679
965002
965336
965699
966089
966500
966892
967309
967742
968162
968558
968932
969301
969673
970040
970409
970764
971121
971477
971833
972181
972515
972847
973182
973517
973846
974182
974527
974888
975262
975617
975982
976356
976751
977149
977516
977878
978237
978596
978960
979312
979661
980015
980373
980767
981137
981516
981894
982272
982636
982984
983329
983668
984000
984329
984657
984986
985312
985648
985991
986344
986707
987077
987430
987777
988127
988478
988829
989177
989517
989866
990223
990603
990987
991357
991713
992086
992463
992838
993192
993540
993893
994237
994586
994939
995303
995644
995971
996295
996620
996936
997256
997593
997971
998374
998762
999132
999546
999972
1000415
1000848
1001238
1001634
1002023
1002417
1002792
1003156
1003534
1003934
1004366
1004775
1005183
1005592
1005999
1006392
1006767
1007120
1007462
1007804
1008167
1008568
1008951
1009345
1009724
1010109
1010505
1010914
1011312
1011710
1012099
1012457
1012814
1013164
1013516
1013870
1014223
1014591
1014976
1015371
1015786
1016197
1016591
1016990
1017390
1017794
1018178
1018543
1018921
1019303
1019689
1020050
1020407
1020776
1021164
1021564
1021965
1022352
1022749
1023161
1023552
1023920
1024284
1024662
1025046
1025427
1025798
1026170
1026573
1026986
1027412
1027812
1028196
1028593
1028996
1029391
1029769
1030135
1030509
1030903
1031305
1031696
1032083
1032489
1032895
1033294
1033667
1034040
1034415
1034787
1035152
1035505
1035856
1036211
1036584
1036975
1037362
1037738
1038123
1038507
1038887
1039244
1039593
1039940
1040283
1040626
1040977
1041316
1041660
1042038
1042439
1042841
1043228
1043605
1043998
1044395
1044777
1045143
1045513
1045895
1046294
1046688
1047077
1047466
1047859
1048257
1048654
1049033
1049401
1049785
1050158
1050540
1050934
1051325
1051701
1052094
1052494
1052883
1053261
1053624
1053987
1054357
1054733
1055109
1055486
1055849
1056199
1056549
1056909
1057274
1057653
1058034
1058397
1058758
1059125
1059493
1059851
1060213
1060560
1060905
1061258
1061628
1062011
1062406
1062792
1063160
1063546
1063934
1064320
1064703
1065067
1065412
1065753
1066102
1066441
1066779
1067124
1067465
1067803
1068159
1068543
1068954
1069349
1069714
1070062
1070407
1070745
1071078
1071412
1071748
1072087
1072432
1072771
1073112
1073461
1073797
1074126
1074448
1074765
1075085
1075403
1075720
1076032
1076341
1076648
1076956
1077286
1077661
1078035
1078425
1078824
1079220
1079600
1079959
1080306
1080642
1080971
1081295
1081616
1081939
1082257
1082570
1082880
1083186
1083486
1083783
1084076
1084370
1084677
1085014
1085358
1085695
1086032
1086378
1086718
1087049
1087371
1087687
1087995
1088298
1088605
1088954
1089318
1089701
1090071
1090446
1090835
1091219
1091579
1091921
1092249
1092568
1092880
1093210
1093589
1093964
1094328
1094699
1095074
1095469
1095866
1096240
1096596
1096955
1097321
1097677
1098030
1098366
1098697
1099026
1099354
1099695
1100045
1100382
1100711
1101041
1101382
1101753
1102131
1102500
1102850
1103205
1103562
1103923
1104281
1104624
1104956
1105296
1105646
1106008
1106399
1106763
1107135
1107511
1107898
1108275
1108639
1109012
1109395
1109785
1110148
1110506
1110871
1111252
1111639
1112036
1112416
1112777
1113131
1113474
1113815
1114155
1114498
1114847
1115177
1115500
1115824
1116161
1116489
1116815
1117148
1117494
1117854
1118204
1118546
1118894
1119255
1119620
1119986
1120339
1120692
1121052
1121403
1121763
1122118
1122462
1122814
1123174
1123553
1123922
1124275
1124627
1124981
1125340
1125708
1126067
1126419
1126782
1127151
1127518
1127884
1128236
1128590
1128950
1129316
1129685
1130047
1130429
1130813
1131210
1131608
1131987
1132375
1132755
1133127
1133484
1133833
1134188
1134547
1134916
1135276
1135630
1135987
1136347
1136725
1137112
1137495
1137862
1138227
1138592
1138961
1139333
1139695
1140039
1140389
1140756
1141158
1141578
1141975
1142361
1142758
1143157
1143549
1143928
1144294
1144663
1145050
1145452
1145863
1146248
1146635
1147019
1147392
1147760
1148113
1148480
1148848
1149223
1149612
1149986
1150373
1150760
1151152
1151531
1151887
1152235
1152585
1152933
1153293
1153657
1154007
1154348
1154688
1155047
1155405
1155757
1156103
1156447
1156790
1157139
1157483
1157841
1158203
1158547
1158886
1159225
1159566
1159906
1160244
1160574
1160903
1161232
1161563
1161895
1162234
1162576
1162906
1163230
1163558
1163888
1164226
1164579
1164921
1165259
1165600
1165952
1166308
1166648
1166978
1167304
1167627
1167946
1168277
1168634
1168976
1169299
1169618
1169931
1170238
1170543
1170848
1171153
1171454
1171753
1172048
1172338
1172625
1172908
1173191
1173473
1173762
1174051
1174346
1174645
1174952
1175283
1175619
1175941
1176256
1176562
1176876
1177212
1177545
1177871
1178204
1178535
1178864
1179199
1179545
1179887
1180223
1180567
1180928
1181338
1181763
1182175
1182574
1182964
1183340
1183704
1184059
1184412
1184769
1185129
1185487
1185834
1186182
1186530
1186890
1187266
1187620
1187968
1188325
1188692
1189063
1189423
1189768
1190109
1190457
1190813
1191166
1191519
1191872
1192221
1192591
1192969
1193346
1193703
1194066
1194431
1194803
1195173
1195527
1195885
1196241
1196607
1196968
1197317
1197674
1198030
1198388
1198758
1199143
1199523
1199882
1200228
1200572
1200910
1201246
1201570
1201889
1202212
1202540
1202890
1203273
1203662
1204043
1204398
1204756
1205116
1205475
1205817
1206149
1206483
1206815
1207141
1207468
1207786
1208098
1208410
1208715
1209021
1209364
1209730
1210077
1210423
1210775
1211140
1211507
1211861
1212212
1212568
1212923
1213275
1213620
1213958
1214304
1214670
1215064
1215447
1215812
1216190
1216568
1216948
1217316
1217671
1218031
1218394
1218764
1219134
1219496
1219851
1220210
1220574
1220936
1221288
1221647
1222017
1222395
1222776
1223140
1223485
1223830
1224176
1224533
1224894
1225245
1225599
1225970
1226357
1226760
1227141
1227505
1227881
1228257
1228635
1228997
1229346
1229696
1230056
1230427
1230808
1231172
1231545
1231933
1232326
1232709
1233074
1233443
1233813
1234194
1234562
1234920
