18
391
841
1282
1781
2302
2780
3211
3640
4084
4533
4953
5349
5746
6170
6606
7027
7430
7855
8312
8797
9263
9695
10105
10549
11013
11474
11904
12334
12793
13294
13805
14262
14687
15114
15566
16039
16500
16931
17363
17818
18289
18720
19157
19617
20128
20627
21102
21588
21841
22489
22921
23335
23770
24242
24830
25352
25840
26348
26843
27298
27720
28142
28603
29120
29631
30082
30496
30923
31380
31886
32384
32836
33302
33800
34341
34835
35297
35767
36224
36685
37242
37810
38341
38815
39261
39737
40220
40705
41148
41576
42005
42460
43036
43598
44097
44556
45037
45536
46036
46536
47061
47549
48004
48435
48904
49435
49975
50463
50944
51446
51955
52425
52880
53355
53851
54364
54849
55332
55817
56283
56713
57129
57588
58114
58685
59231
59755
60281
60750
61189
61641
62107
62578
63016
63468
63943
64467
65012
65520
65993
66481
66977
67443
67887
68355
68825
69277
69710
70133
70592
70869
71111
71644
72132
72586
73039
73512
73990
74438
74863
75278
75715
76181
76695
77177
77622
78058
78514
78987
79450
79891
80329
80795
81285
81778
82225
82653
83099
83590
84098
84573
85029
85511
86015
86537
87029
87483
87942
88415
88882
89314
89715
90111
90522
90951
91411
91902
92394
92887
93348
93801
94280
94798
95287
95745
96216
96697
97139
97553
97975
98426
98892
99333
99768
100253
100795
101294
101752
102219
102696
103166
103637
104111
104553
105020
105486
105933
106411
106883
107361
107862
108321
108801
109292
109789
110273
110726
111189
111664
112155
112643
113126
113613
114093
114533
114993
115457
115890
116342
116815
117290
117737
118204
118685
119150
119575
120013
120491
121032
121533
121992
122468
122961
123436
123864
124307
124760
125220
125647
126068
126514
126977
127422
127887
128369
128837
129278
129734
130202
130683
131138
131617
132074
132505
132964
133440
133907
134359
134839
135322
135768
136218
136681
137154
137594
138055
138535
138986
139434
139894
140333
140754
141205
141669
142105
142558
143022
143496
143972
144474
144973
145433
145905
146377
146851
147310
147777
148243
148682
149148
149628
150100
150561
151036
151496
151947
152358
152767
153155
153536
153948
154323
154709
155118
155550
155961
156410
156905
157358
157812
158274
158737
159166
159588
160044
160520
160965
161481
162007
162506
162971
163489
164008
164469
164907
165373
165871
166365
166844
167362
167877
168362
168821
169302
169802
170274
170737
171214
171700
172149
172618
173091
173569
174028
174507
175001
175494
175953
176434
176925
177401
177842
178300
178789
179281
179733
180189
180671
181166
181618
182052
182514
182990
183444
183871
184319
184776
185228
185647
186089
186548
187017
187459
187935
188423
188886
189334
189770
190257
190788
191332
191823
192269
192727
193189
193641
194084
194551
195032
195487
195952
196439
196934
197391
197851
198325
198800
199250
199724
200200
200644
201063
201492
201956
202490
203006
203497
203990
204450
204908
205367
205809
206232
206678
207141
207581
208003
208453
208941
209421
209878
210341
210815
211284
211723
212182
212656
213125
213562
214019
214482
214943
215370
215803
216258
216717
217152
217607
218098
218581
219038
219508
219980
220420
220877
221345
221787
222204
222641
223112
223599
224060
224567
225066
225521
225965
226427
226904
227342
227767
228219
228690
229139
229563
230015
230487
230958
231393
231819
232271
232742
233206
233635
234071
234528
234998
235438
235860
236311
236779
237221
237698
238180
238642
239149
239648
240097
240550
241012
241471
241900
242350
242815
243259
243678
244126
244587
245027
245450
245888
246333
246759
247176
247610
248067
248496
248936
249398
249881
250325
250777
251249
251737
252179
252631
253097
253541
253969
254431
254935
255423
255902
256399
256887
257352
257778
258212
258653
259105
259532
259976
260474
260988
261461
261957
262454
262908
263354
263819
264296
264741
265162
265611
266094
266586
267045
267554
268066
268562
269016
269489
269973
270454
270899
271362
271839
272309
272756
273187
273648
274125
274602
275068
275498
275915
276311
276707
277141
277611
278082
278521
278999
279482
279932
280425
280934
281392
281867
282359
282817
283288
283775
284233
284707
285192
285647
286121
286590
287040
287519
287995
288462
288953
289427
289889
290364
290848
291281
291730
292203
292677
293132
293614
294096
294558
295054
295539
296021
296516
297020
297508
297963
298437
298926
299386
299859
300340
300795
301269
301758
302233
302730
303268
303785
304259
304749
305240
305692
306165
306629
307077
307552
308035
308501
308986
309460
309896
310351
310830
311282
311750
312228
312690
313166
313648
314088
314548
315031
315508
316018
316538
317024
317507
317953
318389
318857
319332
319789
320313
320832
321334
321796
322267
322742
323215
323689
324150
324569
324973
325389
325829
326310
326836
327357
327863
328357
328815
329272
329721
330171
330622
331072
331501
331896
332288
332685
333065
333440
333853
334303
334826
335327
335839
336376
336906
337413
337910
338391
338862
339332
339806
340278
340726
341180
341647
342132
342631
343095
343572
344043
344477
344925
345403
345916
346438
346902
347368
347837
348312
348750
349203
349664
350132
350598
351019
351448
351895
352367
352859
353314
353761
354223
354692
355135
355570
356010
356454
356881
357289
357708
358140
358587
359005
359418
359852
360309
360750
361166
361605
362064
362532
362963
363405
363860
364317
364729
365142
365571
366008
366433
366852
367305
367792
368287
368734
369174
369619
370073
370509
370926
371362
371813
372278
372717
373178
373653
374133
374575
375036
375516
375984
376412
376862
377328
377786
378239
378717
379206
379692
380181
380686
381172
381620
382089
382575
383053
383502
383967
384450
384915
385389
385887
386402
386898
387409
387916
388380
388847
389328
389803
390246
390712
391205
391686
392140
392626
393126
393578
394038
394515
394983
395422
395884
396357
396825
397269
397730
398201
398657
399097
399556
400021
400465
400913
401387
401841
402293
402767
403249
403698
404154
404628
405100
405546
406012
406501
406971
407424
407894
408362
408794
409220
409667
410131
410571
411046
411556
412057
412538
413020
413496
413936
414395
414865
415318
415751
416209
416685
417167
417655
418153
418641
419081
419526
419977
420419
420843
421291
421760
422224
422687
423195
423701
424164
424622
425092
425565
426004
426455
426916
427387
427819
428262
428697
429107
429482
429827
430185
430603
431080
431583
432062
432582
433099
433575
434040
434513
434982
435421
435874
436329
436776
437208
437667
438136
438583
439051
439545
440051
440509
440985
441455
441903
442386
442895
443410
443890
444382
444874
445337
445811
446293
446780
447224
447681
448149
448624
449072
449534
450044
450558
451022
451509
452001
452454
452914
453389
453856
454290
454724
455187
455671
456128
456566
457027
457513
458007
458469
458946
459419
459868
460349
460835
461297
461813
462320
462774
463212
463669
464147
464624
465067
465540
466068
466576
467036
467467
467874
468277
468696
469140
469590
470025
470491
471005
471513
471977
472467
472971
473457
473920
474401
474894
475364
475829
476307
476785
477225
477682
478171
478667
478933
479582
480059
480512
480947
481415
481944
482459
482944
483475
484005
484476
484963
485442
485878
486319
486769
487211
487623
488057
488517
488962
489413
489875
490341
490786
491257
491749
492224
492690
493158
493608
494042
494496
494961
495408
495847
496298
496761
497217
497642
498088
498559
499058
499566
500012
500453
500906
501377
501823
502309
502828
503341
503798
504270
504756
505234
505679
506144
506620
507065
507517
507988
508465
508923
509408
509881
510317
510731
511168
511624
512103
512557
513049
513531
513985
514395
514799
515226
515678
516132
516557
516996
517450
517911
518335
518753
519184
519615
520010
520414
520828
521254
521657
522089
522533
522991
523415
523830
524281
524765
525246
525684
526125
526586
527058
527489
527928
528377
528833
529283
529701
530132
530569
531018
531455
531901
532347
532769
533214
533686
534165
534651
535135
535613
536054
536488
536928
537374
537814
538231
538665
539112
539549
539939
540329
540730
541153
541562
541945
542352
542787
543247
543690
544105
544553
545004
545426
545824
546216
546605
546988
547384
547784
548189
548599
548996
549361
549728
550112
550522
550966
551407
551900
552415
552921
553372
553826
554267
554706
555098
555513
555949
556446
556944
557395
557868
558340
558818
559260
559713
560164
560617
561036
561466
561899
562337
562760
563213
563697
564154
564603
565075
565545
566009
566477
566940
567371
567799
568231
568668
569080
569480
569901
570340
570763
571170
571607
572054
572471
572892
573293
573673
574022
574385
574769
575171
575563
575997
576445
576894
577320
577752
578184
578598
579017
579459
579916
580357
580808
581267
581734
582167
582627
583091
583536
583945
584369
584802
585241
585653
586092
586538
587003
587461
587916
588376
588830
589251
589665
590102
590566
591026
591471
591934
592394
592850
593267
593660
594042
594407
594763
595133
595499
595906
596357
596824
597251
597698
598149
598588
598998
599425
599868
600325
600754
601191
601644
602107
602537
602960
603398
603851
604287
604734
605202
605673
606107
606539
606987
607422
607854
608311
608798
609264
609732
610213
610688
611139
611608
612061
612488
612932
613382
613811
614230
614656
615084
615495
615898
616312
616723
617105
617510
617919
618304
618724
619158
619601
620071
620485
620905
621304
621733
622172
622587
623000
623419
623854
624286
624680
625071
625477
625870
626241
626597
626976
627421
627668
628260
628640
628991
629338
629703
630109
630522
630912
631280
631637
631976
632295
632609
632930
633281
633649
634003
634335
634678
635012
635361
635768
636217
636662
637071
637450
637799
638135
638456
638761
639072
639388
639756
640111
640440
640761
641088
641431
641806
642169
642517
642865
643231
643626
644045
644460
644867
645247
645611
645959
646309
646695
647068
647472
647830
648195
648568
648914
649241
649564
649879
650183
650485
650780
651073
651372
651701
652062
652430
652793
653145
653483
653815
654135
654458
654789
655137
655526
655938
656366
656816
657282
657741
658200
658658
659105
659527
659931
660344
660762
661140
661484
661832
662168
662492
662807
663114
663418
663717
664004
664293
664582
664869
665155
665451
665743
666034
666324
666612
666894
667178
667476
667807
668202
668644
669123
669551
669986
670410
670785
671143
671483
671816
672162
672494
672819
673134
673480
673861
674310
674800
675272
675706
676100
676486
676872
677255
677628
678014
678417
678858
679312
679761
680195
680627
681051
681484
681923
682359
682775
683186
683591
683995
684371
684773
685175
685593
685978
686358
686766
687186
687596
687991
688409
688824
689232
689608
689993
690376
690752
691106
691476
691855
692234
692590
692950
693318
693678
694027
694380
694750
695093
695442
695807
696180
696575
696941
697339
697757
698187
698577
698972
699378
699796
700199
700613
701037
701467
701863
702273
702689
703110
703518
703925
704352
704789
705225
705624
706050
706490
706932
707348
707760
708179
708600
709015
709412
709815
710220
710625
711016
711437
711868
712307
712719
713143
713566
713967
714326
714682
715040
715437
715683
716233
716621
717013
717370
717748
718151
718726
719223
719770
720006
720685
721155
721643
722148
722608
723082
723579
724099
724565
725068
725598
726087
726548
727021
727482
727894
728339
728771
729177
729619
730080
730509
730957
731408
731828
732235
732642
733016
733389
733777
734174
734570
734947
735361
735791
736256
736695
737145
737600
738063
738484
738918
739365
739808
740228
740681
741182
741646
742103
742582
743063
743527
744004
744484
744969
745428
745871
746332
746793
747228
747693
748184
748676
749111
749560
750018
750469
750885
751323
751772
752217
752638
753081
753532
753981
754386
754814
755246
755677
756070
756490
756914
757348
757745
758159
758585
759003
759397
759817
760239
760655
761059
761449
761822
762184
762518
762860
763241
763645
764091
764529
765008
765495
765930
766371
766828
767285
767716
768160
768606
769049
769462
769890
770322
770758
771163
771596
772047
772512
772942
773398
773854
774300
774725
775173
775618
776050
776532
777019
777470
777925
778389
778849
779277
779720
780176
780607
781031
781474
781931
782380
782857
783364
783858
784314
784791
785280
785761
786219
786672
787136
787606
788049
788520
789017
789495
789970
790464
790955
791408
791873
792354
792815
793252
793721
794234
794746
795206
795682
796156
796601
797035
797495
797968
798396
798827
799267
799693
800090
800511
800940
801347
801766
802196
802610
803015
803447
803881
804300
804749
805207
805658
806079
806517
806977
807423
807905
808394
808864
809303
809760
810219
810641
811073
811507
811923
812318
812744
813185
813618
814073
814565
815028
815471
815929
816399
816839
817301
817780
818237
818698
819180
819664
820112
820588
821067
821533
821982
822446
822908
823339
823797
824262
824723
825170
825645
825885
826507
826932
827361
827800
828227
828711
829245
829755
830297
830849
831345
831813
832289
832763
833207
833662
834124
834567
835004
835475
835976
836459
836949
837439
837907
838366
838835
839302
839743
840177
840615
841010
841425
841816
842189
842586
842967
843381
843825
844265
844709
845188
845663
846121
846621
847119
847606
848066
848542
849024
849479
849937
850402
850882
851357
851812
852232
852639
852996
853368
853772
854220
854678
855152
855661
856183
856660
857161
857689
858184
858630
859091
859548
859954
860362
860805
861292
861792
862241
862709
863171
863641
864072
864513
864964
865423
865872
866323
866782
867248
867686
868136
868599
869074
869515
869977
870438
870879
871316
871758
872203
872618
873053
873502
873960
874386
874830
875280
875725
876144
876572
877003
877429
877820
878224
878639
879066
879465
879888
880323
880779
881224
881685
882155
882621
883054
883499
883956
884410
884841
885298
885774
886248
886697
887155
887624
888054
888483
888910
889333
889725
890138
890558
890995
891404
891845
892301
892746
893170
893610
894054
894484
894910
895347
895790
896211
896649
897116
897608
898061
898530
899016
899483
899918
900372
900827
901278
901704
902143
902594
903041
903452
903885
904323
904751
905159
905593
906035
906446
906880
907333
907795
908217
908651
909057
909446
909824
910179
910526
910897
911286
911659
912062
912479
912940
913394
913815
914248
914687
915092
915516
915960
916407
916827
917252
917687
918125
918537
918974
919417
919871
920294
920731
921178
921636
922071
922523
922998
923480
923909
924362
924838
925317
925763
926228
926703
927173
927612
928075
928554
929005
929449
929912
930387
930629
931226
931653
932080
932478
932915
933412
933944
934487
935047
935575
936063
936561
937049
937509
937928
938357
938789
939187
939582
939969
940338
940699
941085
941446
941848
942280
942749
943180
943628
944083
944536
944961
945406
945857
946308
946742
947202
947700
948177
948646
949128
949621
950080
950543
951004
951440
951876
952359
952869
953340
953860
954396
954868
955329
955792
956265
956700
957150
957615
958099
958556
959026
959499
959959
960379
960824
961278
961738
962173
962637
963127
963633
964082
964546
965012
965465
965872
966276
966659
967053
967479
967888
968331
968802
969280
969723
970193
970673
971118
971554
972007
972464
972875
973307
973761
974206
974632
975117
975630
976083
976555
977044
977507
977942
978198
978776
979165
979524
979870
980261
980681
981235
981716
982254
982810
983329
983838
984355
984845
985294
985763
986227
986651
987087
987538
987987
988411
988851
989310
989747
990220
990727
991193
991644
992124
992595
993015
993429
993869
994318
994743
995191
995682
996167
996630
997129
997371
998010
998439
998875
999323
999787
1000243
1000753
1001301
1001847
1002358
1002863
1003358
1003809
1004271
1004752
1005224
1005665
1006116
1006588
1007077
1007538
1008004
1008476
1008945
1009377
1009827
1010291
1010752
1011175
1011616
1012068
1012528
1012966
1013438
1013938
1014414
1014861
1015324
1015808
1016283
1016735
1017192
1017646
1018070
1018511
1018959
1019408
1019824
1020252
1020679
1021080
1021486
1021922
1022391
1022848
1023314
1023810
1024312
1024767
1025238
1025708
1026162
1026592
1027034
1027478
1027888
1028298
1028723
1029144
1029529
1029912
1030276
1030665
1031070
1031462
1031887
1032342
1032793
1033219
1033664
1034120
1034559
1034989
1035446
1035925
1036396
1036846
1037305
1037767
1038187
1038611
1039052
1039483
1039937
1040393
1040810
1041215
1041605
1041982
1042390
1042836
1043286
1043741
1044250
1044765
1045221
1045705
1046175
1046673
1047228
1047770
1048237
1048726
1049213
1049658
1050087
1050556
1051084
1051624
1052081
1052521
1052988
1053482
1053959
1054391
1054820
1055065
1055688
1056110
1056513
1056921
1057366
1057944
1058492
1058989
1059502
1060031
1060553
1061035
1061512
1061993
1062471
1062909
1063323
1063744
1064174
1064638
1065149
1065652
1066141
1066602
1067024
1067438
1067872
1068319
1068764
1069185
1069630
1070101
1070563
1070994
1071441
1071900
1072347
1072761
1073182
1073625
1074083
1074518
1074932
1075362
1075804
1076255
1076674
1077097
1077541
1077997
1078457
1078883
1079303
1079740
1080193
1080640
1081074
1081526
1081988
1082431
1082843
1083265
1083702
1084154
1084632
1085084
1085510
1085942
1086389
1086866
1087353
1087845
1088325
1088794
1089254
1089698
1090103
1090495
1090894
1091333
1091904
1092446
1092928
1093395
1093905
1094403
1094885
1095152
1095746
1096174
1096596
1097007
1097389
1097774
1098190
1098627
1099060
1099474
1099926
1100394
1100865
1101298
1101747
1102209
1102672
1103101
1103513
1103949
1104394
1104852
1105285
1105707
1106125
1106568
1107084
1107611
1108076
1108503
1108937
1109386
1109837
1110270
1110525
1111106
1111537
1111988
1112462
1112916
1113352
1113832
1114397
1115026
1115566
1116039
1116527
1117026
1117494
1117924
1118342
1118780
1119219
1119647
1120053
1120472
1120878
1121278
1121685
1122120
1122574
1123011
1123420
1123829
1124256
1124686
1125102
1125519
1125953
1126386
1126807
1127209
1127629
1128074
1128544
1128988
1129405
1129840
1130287
1130733
1131149
1131565
1131993
1132420
1132818
1133198
1133575
1133958
1134360
1134833
1135301
1135744
1136184
1136617
1137036
1137420
1137811
1138213
1138627
1139043
1139454
1139882
1140325
1140755
1141186
1141626
1142081
1142550
1142983
1143428
1143862
1144279
1144671
1145080
1145500
1145937
1146374
1146790
1147217
1147649
1148079
1148503
1148923
1149341
1149758
1150143
1150504
1150856
1151201
1151543
1151915
1152385
1152831
1153217
1153618
1154057
1154541
1155042
1155511
1155959
1156399
1156819
1157205
1157575
1157959
1158353
1158768
1159193
1159633
1160061
1160455
1160867
1161286
1161714
1162111
1162494
1162875
1163323
1163940
1164510
1165019
1165492
1165944
1166397
1166843
1167313
1167798
1168268
1168726
1169173
1169595
1169980
1170350
1170713
1171100
1171556
1172072
1172579
1173015
1173415
1173823
1174262
1174740
1175225
1175661
1176069
1176500
1176956
1177428
1177886
1178301
1178703
1179126
1179585
1180070
1180541
1180971
1181397
1181873
1182399
1182893
1183363
1183811
1184273
1184740
1185198
1185635
1186071
1186524
1186978
1187416
1187848
1188288
1188726
1189134
1189531
1189951
1190405
1190884
1191347
1191764
1192181
1192619
1193061
1193481
1193878
1194286
1194709
1195144
1195558
1195960
1196371
1196795
1197224
1197637
1198061
1198500
1198942
1199370
1199795
1200215
1200608
1200998
1201395
1201786
1202164
1202525
1202890
1203306
1203887
1204434
1204944
1205442
1205928
1206444
1206968
1207483
1207969
1208434
1208874
1209277
1209648
1209999
1210349
1210731
1211165
1211671
1212173
1212651
1213101
1213521
1213925
1214342
1214799
1215319
1215867
1216365
1216825
1217247
1217643
1218027
1218418
1218833
1219415
1219971
1220503
1220992
1221410
1221797
1222164
1222516
1222876
1223249
1223589
1223936
1224348
1224809
1225304
1225785
1226273
1226799
1227334
1227838
1228301
1228769
1229238
1229710
1230172
1230599
1231007
1231437
1231906
1232393
1232877
1233344
1233816
1234287
1234751
1235194
1235614
1236017
1236443
1236892
1237377
1237856
1238344
1238825
1239318
1239784
