476
949
1435
1912
2369
2832
3292
3756
4221
4686
5146
5613
6092
6575
7042
7510
7977
8440
8897
9346
9797
10247
10681
11130
11606
12088
12562
13037
13513
13971
14432
14894
15358
15832
16308
16784
17236
17689
18149
18620
19097
19558
20023
20492
20968
21439
21918
22402
22871
23350
23829
24310
24771
25229
25686
26127
26573
27034
27508
27995
28474
28949
29429
29887
30349
30822
31305
31784
32266
32758
33249
33729
34209
34686
35146
35613
36084
36542
37010
37482
37962
38422
38897
39381
39864
40356
40849
41318
41793
42274
42757
43217
43681
44147
44599
45055
45526
46001
46475
46954
47437
47921
48413
48904
49367
49830
50295
50770
51246
51729
52215
52690
53162
53630
54097
54562
55032
55502
55963
56430
56895
57359
57830
58306
58775
59228
59683
60141
60593
61039
61487
61950
62424
62892
63361
63831
64289
64745
65208
65672
66132
66601
67085
67569
68036
68508
68983
69454
69917
70388
70858
71318
71791
72276
72751
73226
73709
74183
74643
75111
75589
76057
76539
77030
77511
77985
78470
78961
79446
79923
80406
80886
81353
81830
82313
82797
83296
83797
84282
84760
85240
85726
86204
86692
87194
87680
88162
88653
89132
89597
90071
90544
90999
91473
91956
92444
92929
93425
93921
94399
94885
95367
95831
96299
96778
97248
97722
98214
98708
99189
99677
100173
100664
101143
101628
102118
102587
103064
103540
104009
104497
104997
105484
105974
106466
106938
107417
107899
108376
108848
109321
109794
110255
110718
111197
111678
112157
112651
113139
113607
114077
114553
115026
115504
115998
116497
116990
117484
117972
118438
118899
119359
119813
120249
120655
121061
121490
121916
122328
122769
123249
123744
124210
124685
125174
125654
126115
126591
127068
127528
127994
128470
128947
129420
129904
130390
130860
131333
131807
132282
132749
133229
133728
134223
134692
135166
135653
136147
136624
137093
137561
138038
138505
138988
139480
139958
140435
140926
141418
141886
142308
142733
143173
143654
144155
144645
145150
145649
146131
146593
147049
147519
147979
148455
148947
149456
149957
150447
150925
151399
151855
152309
152772
153238
153698
154170
154650
155133
155604
156077
156553
157020
157490
157962
158418
158886
159367
159833
160314
160802
161298
161777
162235
162693
163145
163594
164069
164555
165037
165535
166038
166519
167003
167486
167962
168421
168887
169359
169812
170272
170749
171229
171701
172171
172652
173130
173592
174071
174562
175057
175534
176017
176508
177004
177499
177969
178443
178929
179421
179900
180362
180817
181288
181780
182265
182706
183139
183563
184005
184467
184941
185421
185880
186334
186806
187293
187783
188262
188756
189248
189737
190207
190676
191152
191644
192125
192612
193108
193611
194109
194601
195095
195589
196074
196558
197046
197534
198017
198510
198997
199468
199921
200384
200876
201377
201874
202384
202900
203401
203904
204405
204906
205379
205849
206326
206795
207254
207720
208203
208701
209187
209665
210143
210629
211100
211563
212040
212529
213010
213493
213985
214461
214933
215414
215904
216374
216848
217329
217813
218297
218793
219291
219769
220253
220740
221218
221688
222165
222644
223122
223605
224100
224594
225080
225572
226068
226546
227029
227510
227986
228465
228954
229444
229918
230396
230880
231354
231817
232292
232771
233238
233720
234212
234693
235179
235664
236127
236590
237061
237532
237991
238457
238938
239418
239890
240367
240849
241317
241765
242219
242685
243152
243614
244086
244570
245041
245520
246005
246485
246943
247393
247847
248298
248743
249199
249668
250141
250609
251086
251568
252036
252501
252964
253421
253866
254319
254783
255249
255718
256199
256680
257141
257597
258070
258538
258990
259436
259888
260342
260791
261239
261693
262154
262609
263065
263527
263994
264446
264900
265362
265809
266261
266717
267179
267631
268090
268556
269025
269475
269929
270379
270833
271286
271739
272204
272673
273130
273574
274018
274460
274884
275314
275754
276194
276624
277065
277525
277977
278419
278870
279319
279750
280193
280639
281070
281502
281939
282384
282815
283256
283712
284173
284635
285103
285575
286025
286479
286933
287373
287819
288273
288726
289158
289600
290051
290512
290953
291402
291857
292293
292737
293190
293637
294081
294534
295002
295478
295929
296379
296839
297297
297752
298213
298679
299134
299596
300059
300514
300970
301435
301894
302348
302818
303287
303738
304171
304607
305044
305476
305910
306365
306834
307279
307724
308173
308623
309055
309495
309946
310394
310822
311261
311705
312148
312580
313028
313481
313926
314375
314846
315323
315758
316189
316634
317092
317549
317997
318449
318904
319356
319812
320276
320740
321194
321661
322140
322600
323043
323462
323855
324237
324621
325021
325446
325901
326362
326770
327208
327638
328093
328531
328989
329466
329929
330370
330824
331298
331771
332222
332665
333136
333619
334062
334490
334929
335377
335817
336261
336747
337268
337738
338214
338696
339180
339644
340113
340590
341073
341549
342032
342525
343013
343508
344013
344514
344999
345492
345991
346469
346942
347420
347895
348373
348864
349352
349829
350299
350792
351294
351778
352269
352768
353249
353728
354208
354677
355148
355619
356098
356561
357031
357513
357990
358459
358941
359420
359877
360326
360780
361238
361684
362148
362637
363124
363591
364053
364512
364965
365405
365859
366330
366808
367273
367745
368232
368723
369190
369652
370118
370594
371060
371535
372010
372486
372948
373418
373902
374379
374865
375362
375862
376339
376815
377293
377766
378227
378698
379159
379623
380106
380593
381067
381547
382027
382482
382935
383395
383848
384320
384809
385291
385761
386240
386728
387197
387666
388136
388605
389059
389512
389971
390440
390901
391367
391838
392315
392773
393240
393714
394176
394629
395091
395558
396017
396471
396936
397408
397859
398313
398763
399214
399663
400122
400603
401062
401527
401996
402476
402927
403390
403866
404347
404807
405269
405737
406211
406665
407134
407626
408106
408571
409041
409513
409978
410429
410878
411333
411786
412241
412709
413192
413666
414149
414633
415100
415565
416037
416505
416975
417464
417952
418421
418879
419343
419830
420329
420810
421280
421753
422234
422702
423176
423657
424146
424621
425098
425575
426041
426518
427013
427504
427978
428448
428922
429367
429779
430179
430572
430967
431384
431803
432211
432631
433053
433456
433848
434245
434672
435083
435496
435922
436349
436738
437109
437472
437872
438272
438685
439086
439525
439957
440400
440802
441225
441650
442091
442518
442986
443472
443946
444398
444856
445324
445787
446223
446675
447134
447599
448040
448503
448965
449419
449879
450359
450856
451319
451777
452245
452706
453173
453675
454153
454622
455096
455576
456049
456504
456933
457336
457729
458134
458539
458963
459405
459853
460281
460709
461146
461594
462010
462405
462808
463237
463722
464220
464683
465142
465600
466068
466526
466966
467410
467859
468322
468771
469224
469688
470141
470591
471053
471526
471999
472469
472949
473424
473898
474367
474838
475312
475778
476251
476730
477203
477662
478130
478603
479065
479535
480013
480486
480962
481443
481924
482398
482848
483297
483748
484205
484659
485117
485579
486044
486509
486976
487430
487877
488328
488771
489207
489655
490112
490563
491017
491477
491946
492398
492836
493270
493697
494111
494532
494964
495407
495847
496295
496753
497204
497636
498070
498508
498934
499355
499783
500207
500632
501062
501487
501905
502328
502754
503175
503595
504019
504455
504877
505299
505722
506147
506559
506969
507392
507808
508215
508634
509071
509516
509961
510380
510796
511204
511619
512036
512460
512880
513295
513702
514086
514456
514845
515239
515621
516020
516433
516877
517286
517698
518119
518538
518951
519396
519851
520306
520751
521217
521664
522094
522530
522984
523430
523857
524298
524747
525199
525615
526060
526495
526924
527342
527781
528228
528658
529108
529566
529996
530396
530801
531199
531591
531981
532381
532813
533232
533648
534085
534524
534937
535372
535811
536266
536680
537105
537537
537963
538362
538757
539159
539601
540034
540480
540938
541411
541862
542308
542767
543215
543633
544073
544509
544930
545371
545823
546294
546715
547148
547586
548034
548450
548896
549342
549763
550180
550619
551065
551476
551918
552351
552785
553222
553712
554204
554659
555124
555588
556034
556481
556931
557373
557808
558246
558685
559116
559561
560015
560467
560910
561359
561810
562255
562695
563139
563591
564031
564456
564887
565328
565781
566234
566666
567097
567534
567987
568448
568896
569346
569801
570263
570707
571148
571583
571995
572393
572780
573155
573545
573926
574324
574742
575189
575624
576041
576469
576894
577310
577717
578143
578586
579020
579444
579883
580306
580710
581122
581541
581956
582368
582774
583209
583650
584085
584521
584957
585376
585781
586194
586620
587026
587418
587825
588241
588664
589073
589505
589920
590326
590743
591181
591621
592043
592490
592936
593381
593813
594257
594716
595157
595580
596012
596455
596888
597330
597818
598298
598719
599139
599583
600023
600438
600870
601311
601780
602265
602766
603253
603726
604201
604677
605146
605617
606085
606538
606986
607435
607896
608345
608804
609283
609766
610234
610702
611175
611646
612098
612551
613005
613453
613906
614366
614836
615287
615743
616211
616662
617115
617570
618021
618458
618905
619356
619804
620257
620719
621185
621639
622092
622552
623003
623445
623896
624350
624792
625231
625686
626160
626625
627079
627546
628014
628466
628921
629380
629831
630282
630738
631196
631645
632105
632578
633043
633492
633942
634402
634863
635317
635776
636241
636711
637172
637641
638117
638588
639039
639500
639963
640417
640863
641316
641778
642232
642696
643163
643629
644076
644527
644983
645431
645893
646353
646806
647273
647744
648208
648676
649144
649603
650075
650551
651000
651456
651922
652388
652822
653230
653640
654065
654524
654995
655463
655939
656413
656873
657336
657808
658280
658752
659231
659710
660188
660652
661125
661602
662069
662536
663004
663469
663928
664387
664860
665333
665789
666252
666720
667184
667633
668091
668555
669020
669473
669941
670413
670885
671356
671830
672302
672760
673221
673691
674151
674594
675044
675502
675938
676368
676777
677165
677564
677981
678421
678878
679341
679821
680301
680766
681230
681699
682161
682606
683059
683517
683971
684425
684896
685372
685844
686326
686807
687265
687723
688184
688642
689084
689541
690017
690487
690964
691450
691940
692403
692867
693338
693803
694262
694731
695204
695659
696106
696563
697020
697465
697919
698385
698856
699307
699760
700221
700685
701140
701602
702075
702546
703017
703483
703950
704407
704866
705330
705794
706243
706707
707181
707656
708124
708600
709063
709525
709978
710434
710883
711343
711818
712298
712767
713242
713715
714169
714595
715023
715455
715895
716323
716754
717183
717592
717992
718397
718820
719264
719713
720145
720570
721003
721448
721888
722331
722785
723244
723702
724167
724640
725100
725560
726036
726530
727012
727500
727992
728477
728943
729404
729868
730322
730755
731194
731635
732088
732543
733010
733489
733965
734423
734886
735353
735810
736257
736707
737161
737615
738054
738495
738952
739432
739899
740340
740790
741250
741718
742174
742624
743077
743516
743948
744392
744848
745320
745794
746284
746781
747263
747735
748201
748663
749118
749579
750050
750531
750985
751438
751893
752333
752780
753232
753703
754165
754627
755099
755566
756010
756462
756931
757378
757824
758262
758700
759117
759544
759981
760422
760861
761315
761773
762215
762661
763108
763562
764006
764459
764923
765388
765850
766320
766791
767253
767722
768196
768660
769121
769581
770040
770491
770943
771399
771858
772299
772735
773176
773631
774086
774553
775024
775502
775963
776432
776904
777373
777823
778270
778718
779151
779580
780021
780480
780937
781407
781883
782358
782819
783285
783757
784216
784660
785112
785581
786044
786502
786973
787442
787908
788376
788852
789316
789777
790238
790693
791132
791576
792033
792497
792955
793429
793914
794396
794867
795341
795813
796265
796712
797163
797615
798052
798486
798926
799367
799802
800237
800680
801138
801593
802040
802491
802943
803372
803789
804185
804570
804961
805362
805776
806206
806639
807055
807490
807938
808381
808819
809273
809728
810156
810593
811025
811437
811845
812267
812716
813162
813600
814096
814586
815056
815534
816014
816472
816933
817393
817848
818311
818783
819248
819716
820192
820663
821120
821582
822049
822514
822965
823422
823882
824325
824765
825217
825673
826119
826573
827041
827509
827967
828435
828905
829360
829808
830258
830716
831154
831595
832039
832494
832944
833419
833919
834407
834899
835390
835865
836330
836800
837269
837736
838204
838670
839126
839575
840024
840481
840931
841382
841847
842315
842768
843235
843703
844161
844610
845060
845521
845976
846422
846886
847365
847824
848283
848745
849198
849632
850073
850524
850978
851423
851873
852334
852786
853226
853674
854122
854572
855024
855487
855951
856394
856841
857295
857759
858211
858668
859125
859590
860045
860517
860997
861472
861949
862427
862897
863347
863807
864263
864704
865152
865612
866066
866527
866992
867454
867902
868359
868825
869285
869752
870226
870695
871147
871612
872073
872528
872967
873413
873870
874324
874779
875246
875720
876180
876646
877115
877577
878026
878475
878929
879367
879802
880244
880696
881140
881580
882025
882474
882920
883365
883812
884268
884709
885157
885611
886053
886496
886943
887401
887844
888297
888753
889209
889651
890089
890535
890996
891443
891894
892347
892797
893236
893683
894133
894583
895018
895463
895914
896365
896812
897270
897735
898200
898658
899112
899567
900010
900443
900871
901304
901743
902198
902671
903143
903599
904057
904511
904944
905386
905841
906301
906760
907230
907706
908161
908618
909075
909518
909949
910385
910816
911221
911615
911994
912380
912784
913197
913624
914068
914515
914952
915399
915854
916297
916740
917193
917651
918095
918540
918995
919453
919901
920357
920821
921270
921721
922175
922630
923079
923544
924013
924473
924935
925408
925883
926342
926805
927271
927721
928166
928619
929073
929504
929947
930392
930836
931261
931702
932152
932596
933044
933505
933964
934403
934835
935263
935688
936092
936476
936852
937222
937607
938017
938448
938879
939296
939741
940190
940637
941048
941461
941881
942311
942752
943177
943639
944115
944580
945038
945511
945999
946466
946930
947394
947849
948277
948709
949143
949574
950012
950469
950944
951417
951891
952372
952853
953311
953767
954232
954705
955162
955629
956105
956574
957024
957479
957930
958364
958791
959224
959662
960094
960526
960937
961331
961732
962135
962544
962964
963392
963816
964210
964617
965029
965485
965910
966344
966803
967283
967747
968211
968687
969148
969612
970083
970557
971014
971479
971946
972405
972857
973317
973783
974232
974696
975175
975654
976123
976598
977066
977517
977973
978433
978879
979317
979760
980221
980675
981141
981618
982109
982595
983084
983566
984026
984485
984939
985382
985806
986237
986668
987104
987525
987959
988411
988875
989330
989797
990267
990719
991176
991639
992098
992539
992978
993419
993861
994292
994734
995198
995664
996100
996544
996985
997415
997845
998286
998735
999181
999647
1000118
1000592
1001060
1001534
1002012
1002479
1002947
1003410
1003861
1004315
1004772
1005231
1005682
1006141
1006609
1007070
1007520
1007972
1008416
1008847
1009293
1009759
1010229
1010685
1011145
1011603
1012058
1012503
1012951
1013396
1013831
1014268
1014712
1015163
1015605
1016055
1016509
1016952
1017398
1017848
1018292
1018726
1019165
1019606
1020051
1020480
1020912
1021353
1021792
1022221
1022614
1022994
1023370
1023759
1024197
1024671
1025154
1025629
1026103
1026564
1027000
1027428
1027836
1028228
1028606
1028967
1029329
1029702
1030089
1030504
1030913
1031341
1031788
1032235
1032661
1033086
1033529
1033975
1034391
1034826
1035270
1035724
1036166
1036621
1037086
1037526
1037954
1038381
1038820
1039229
1039641
1040064
1040503
1040940
1041355
1041801
1042289
1042776
1043249
1043726
1044208
1044681
1045140
1045598
1046061
1046533
1046993
1047461
1047936
1048412
1048886
1049371
1049853
1050318
1050790
1051268
1051729
1052190
1052658
1053115
1053562
1054012
1054465
1054921
1055381
1055852
1056320
1056782
1057239
1057693
1058137
1058586
1059048
1059510
1059955
1060394
1060829
1061269
1061699
1062118
1062543
1062982
1063435
1063886
1064338
1064795
1065261
1065706
1066148
1066590
1067039
1067471
1067902
1068334
1068764
1069175
1069583
1069971
1070342
1070731
1071115
1071507
1071902
1072303
1072702
1073082
1073461
1073844
1074243
1074629
1075018
1075416
1075840
1076253
1076689
1077154
1077639
1078089
1078503
1078918
1079324
1079736
1080131
1080525
1080915
1081303
1081687
1082081
1082492
1082904
1083300
1083717
1084151
1084614
1085054
1085502
1085939
1086376
1086798
1087208
1087625
1088059
1088484
1088912
1089331
1089766
1090208
1090657
1091101
1091525
1091974
1092424
1092859
1093264
1093689
1094132
1094589
1095021
1095477
1095938
1096379
1096791
1097201
1097621
1098041
1098437
1098841
1099243
1099657
1100066
1100467
1100902
1101342
1101766
1102186
1102618
1103053
1103475
1103882
1104303
1104734
1105167
1105580
1106004
1106443
1106918
1107387
1107812
1108230
1108660
1109127
1109606
1110056
1110518
1110993
1111449
1111905
1112376
1112844
1113296
1113738
1114204
1114686
1115143
1115577
1116029
1116474
1116924
1117351
1117793
1118255
1118727
1119208
1119643
1120093
1120530
1120966
1121374
1121825
1122279
1122733
1123166
1123603
1124068
1124525
1124967
1125390
1125830
1126284
1126717
1127141
1127580
1128021
1128450
1128878
1129320
1129781
1130223
1130662
1131098
1131529
1131944
1132377
1132830
1133304
1133751
1134201
1134652
1135132
1135574
1136022
1136473
1136902
1137305
1137718
1138129
1138520
1138906
1139272
1139652
1140054
1140464
1140867
1141298
1141750
1142225
1142672
1143125
1143597
1144069
1144528
1144981
1145429
1145897
1146355
1146810
1147280
1147750
1148197
1148650
1149109
1149565
1149996
1150449
1150915
1151358
1151787
1152241
1152701
1153160
1153580
1154030
1154497
1154982
1155427
1155882
1156343
1156818
1157253
1157647
1158022
1158378
1158731
1159156
1159684
1160200
1160715
1161226
1161719
1162180
1162616
1163049
1163492
1163951
1164425
1164888
1165333
1165780
1166236
1166711
1167202
1167679
1168156
1168639
1169121
1169608
1170067
1170517
1170959
1171395
1171832
1172264
1172694
1173137
1173598
1174065
1174521
1174970
1175409
1175831
1176243
1176665
1177097
1177552
1177996
1178431
1178849
1179247
1179625
1179991
1180350
1180717
1181078
1181450
1181837
1182244
1182673
1183077
1183479
1183899
1184308
1184702
1185089
1185487
1185891
1186285
1186667
1187040
1187417
1187801
1188184
1188568
1188969
1189393
1189817
1190219
1190612
1191026
1191449
1191890
1192311
1192738
1193174
1193617
1194070
1194501
1194919
1195351
1195791
1196244
1196709
1197163
1197610
1198065
1198496
1198915
1199339
1199766
1200191
1200624
1201041
1201478
1201934
1202411
1202858
1203314
1203772
1204232
1204686
1205125
1205571
1206034
1206518
1206996
1207471
1207950
1208430
1208900
1209361
1209821
1210283
1210737
1211181
1211634
1212099
1212569
1213034
1213501
1213970
1214429
1214868
1215312
1215764
1216229
1216685
1217150
1217627
1218103
1218570
1219009
1219440
1219879
1220334
1220797
1221250
1221694
1222135
1222584
1223030
1223474
1223930
1224404
1224883
1225344
1225808
1226266
1226700
1227111
1227507
1227885
1228256
1228634
1229017
1229395
1229788
1230189
1230609
1231012
1231445
1231870
1232303
1232721
1233138
1233558
1233984
1234394
1234798
1235206
1235628
1236085
1236515
1236964
1237428
1237934
1238401
1238869
1239339
1239811
