226
666
1110
1556
1989
2425
2869
3315
3764
4222
4673
5122
5585
6056
6485
6895
7327
7739
8188
8639
9088
9524
9975
10433
10868
11291
11724
12142
12552
12970
13400
13807
14202
14611
15028
15415
15822
16247
16649
17035
17457
17852
18272
18674
19098
19529
19925
20353
20784
21204
21641
22078
22491
22928
23387
23824
24288
24745
25141
25563
25986
26459
26929
27363
27822
28280
28716
29169
29637
30085
30511
30981
31458
31906
32356
32833
33329
33808
34327
34839
35323
35822
36318
36774
37246
37729
38219
38699
39222
39747
40276
40772
41270
41771
42225
42677
43112
43490
43876
44247
44616
45036
45467
45894
46308
46769
47244
47705
48154
48616
49080
49504
49955
50399
50822
51270
51734
52184
52628
53085
53522
53951
54394
54826
55241
55695
56161
56611
57101
57578
58029
58479
58930
59365
59796
60245
60684
61105
61545
61999
62431
62882
63347
63838
64318
64816
65325
65801
66276
66741
67189
67574
67945
68334
68753
69185
69600
70063
70522
70955
71406
71870
72312
72765
73234
73668
74091
74545
75008
75428
75881
76360
76813
77249
77704
78145
78554
79000
79461
79888
80334
80790
81229
81648
82099
82542
82958
83413
83876
84304
84773
85244
85688
86135
86597
87042
87459
87907
88370
88868
89359
89872
90391
90884
91337
91781
92220
92623
93071
93523
93963
94387
94843
95298
95724
96142
96591
97049
97474
97864
98295
98736
99189
99612
100062
100546
101043
101507
102001
102474
102912
103384
103874
104360
104815
105286
105731
106167
106628
107086
107531
107968
108431
108884
109290
109738
110198
110641
111047
111443
111879
112338
112796
113230
113688
114147
114588
115046
115511
115962
116391
116841
117303
117739
118187
118649
119111
119528
119986
120453
120912
121335
121786
122250
122681
123086
123530
123978
124432
124876
125342
125815
126276
126708
127164
127626
128048
128499
128958
129422
129861
130321
130772
131204
131590
131951
132308
132681
133071
133465
133856
134303
134762
135211
135668
136141
136598
137020
137456
137892
138327
138765
139213
139660
140095
140557
141017
141454
141921
142399
142850
143334
143822
144265
144742
145226
145690
146146
146604
147053
147461
147885
148312
148714
149150
149600
150037
150489
150957
151410
151846
152298
152744
153155
153588
154035
154466
154899
155348
155783
156218
156667
157113
157545
158011
158479
158927
159399
159845
160238
160642
161065
161509
161932
162374
162822
163277
163692
164135
164574
165011
165410
165826
166265
166710
167146
167603
168062
168495
168938
169382
169818
170221
170636
171058
171477
171886
172321
172752
173173
173560
173959
174379
174817
175243
175651
176089
176527
176947
177342
177775
178219
178657
179084
179539
179988
180407
180827
181261
181714
182159
182562
182997
183441
183887
184318
184774
185239
185698
186162
186624
187079
187518
187970
188408
188849
189304
189755
190184
190635
191097
191555
191992
192451
192916
193378
193844
194315
194785
195232
195672
196135
196584
197019
197470
197926
198392
198837
199315
199808
200304
200777
201263
201733
202178
202583
203026
203482
203934
204379
204855
205334
205802
206273
206742
207180
207619
208104
208595
209089
209562
210053
210536
211019
211488
211969
212428
212854
213297
213743
214171
214624
215087
215548
215984
216437
216897
217346
217744
218171
218616
219072
219505
219944
220389
220816
221240
221676
222123
222556
222992
223420
223813
224177
224562
224940
225366
225804
226248
226683
227111
227546
227987
228415
228814
229237
229678
230099
230514
230968
231427
231874
232323
232782
233236
233673
234110
234549
234985
235384
235795
236217
236630
237023
237472
237933
238389
238820
239272
239726
240165
240579
241012
241448
241881
242283
242701
243122
243557
243962
244393
244833
245287
245727
246177
246616
247017
247437
247866
248280
248672
249100
249546
250002
250423
250860
251306
251749
252162
252592
252999
253410
253793
254152
254524
254911
255286
255691
256105
256502
256870
257273
257679
258092
258481
258879
259307
259748
260175
260627
261076
261509
261905
262311
262720
263100
263483
263904
264339
264764
265190
265640
266090
266512
266950
267415
267871
268308
268760
269211
269627
270078
270532
270982
271377
271794
272214
272634
273030
273461
273916
274393
274830
275292
275750
276210
276646
277100
277556
277974
278375
278808
279246
279688
280098
280535
280974
281392
281784
282209
282647
283068
283480
283913
284354
284794
285219
285658
286095
286548
286999
287455
287887
288297
288738
289185
289608
289999
290411
290853
291300
291735
292145
292590
293055
293516
293993
294483
294938
295402
295864
296331
296786
297248
297722
298164
298577
299020
299470
299890
300349
300816
301268
301741
302226
302702
303170
303644
304116
304564
304982
305434
305881
306318
306773
307250
307717
308142
308592
309045
309484
309896
310338
310796
311230
311679
312141
312586
313014
313472
313938
314384
314823
315289
315743
316161
316601
317056
317507
317944
318390
318853
319314
319739
320182
320629
321055
321517
321962
322382
322805
323267
323731
324183
324619
325080
325549
326011
326452
326925
327407
327886
328356
328802
329253
329705
330139
330573
331031
331481
331919
332383
332861
333329
333813
334298
334761
335197
335653
336095
336499
336910
337359
337812
338231
338671
339126
339572
340002
340470
340939
341395
341831
342275
342725
343160
343590
344050
344523
344969
345435
345906
346363
346817
347280
347728
348148
348597
349018
349424
349853
350301
350754
351189
351649
352116
352572
352990
353437
353881
354290
354721
355176
355638
356094
356552
357026
357493
357937
358367
358785
359216
359664
360104
360525
360958
361382
361804
362218
362604
363022
363447
363874
364288
364712
365159
365588
366015
366468
366927
367395
367847
368303
368769
369237
369693
370151
370616
371080
371527
372001
372470
372933
373360
373816
374277
374733
375147
375588
376040
376503
376954
377401
377862
378321
378772
379230
379692
380151
380590
381059
381539
382014
382455
382913
383375
383826
384250
384713
385179
385630
386092
386555
387017
387464
387938
388417
388883
389360
389831
390293
390740
391207
391671
392116
392558
393017
393481
393934
394363
394812
395276
395731
396165
396618
397068
397508
397924
398366
398816
399264
399699
400151
400600
401038
401461
401906
402350
402797
403216
403659
404093
404519
404936
405369
405810
406228
406656
407110
407572
408020
408470
408931
409388
409813
410242
410687
411135
411569
411999
412448
412908
413366
413813
414274
414728
415166
415608
416052
416495
416918
417362
417808
418246
418647
419075
419520
419974
420406
420852
421305
421752
422168
422603
423045
423484
423900
424343
424783
425214
425614
426038
426463
426882
427283
427737
428202
428662
429121
429594
430059
430498
430946
431396
431826
432250
432691
433137
433558
433961
434380
434803
435220
435623
436042
436474
436915
437340
437760
438200
438649
439102
439524
439943
440379
440815
441237
441636
442069
442513
442936
443365
443815
444268
444709
445152
445601
446039
446438
446824
447243
447644
448029
448415
448840
449267
449667
450098
450536
450975
451411
451862
452315
452763
453172
453607
454053
454501
454931
455377
455835
456295
456735
457197
457667
458129
458592
459059
459519
459952
460371
460806
461242
461690
462101
462523
462955
463389
463807
464254
464700
465153
465589
466043
466498
466946
467385
467842
468299
468742
469192
469648
470107
470535
470971
471422
471877
472340
472772
473224
473668
474096
474498
474934
475397
475856
476297
476760
477227
477675
478106
478550
479003
479415
479856
480292
480738
481165
481613
482067
482503
482900
483336
483774
484217
484626
485069
485517
485971
486409
486871
487355
487824
488285
488749
489210
489643
490088
490536
490960
491386
491831
492258
492637
493063
493495
493943
494363
494789
495241
495703
496149
496591
497043
497492
497912
498327
498757
499200
499634
500050
500478
500914
501334
501771
502209
502650
503061
503499
503930
504346
504771
505202
505641
506039
506452
506896
507347
507772
508163
508595
509036
509483
509916
510311
510739
511167
511597
511995
512372
512775
513197
513636
514067
514512
514967
515411
515856
516317
516791
517240
517690
518136
518565
518974
519407
519850
520277
520708
521158
521606
522012
522433
522860
523275
523671
524102
524535
524989
525417
525871
526333
526780
527227
527691
528141
528557
528981
529420
529848
530261
530704
531149
531579
532021
532474
532924
533372
533832
534287
534720
535116
535557
536006
536453
536883
537340
537795
538239
538652
539089
539526
539952
540360
540796
541239
541670
542117
542567
542989
543396
543826
544285
544751
545181
545623
546075
546524
546958
547388
547825
548250
548648
549058
549477
549906
550317
550749
551195
551625
552027
552460
552899
553340
553753
554184
554626
555071
555485
555927
556366
556788
557202
557641
558078
558489
558901
559341
559796
560224
560639
561095
561538
561971
562391
562831
563274
563701
564142
564582
564989
565398
565826
566266
566682
567116
567558
567969
568379
568803
569224
569614
569996
570403
570834
571250
571652
572084
572527
572966
573399
573855
574298
574725
575155
575584
575987
576413
576837
577266
577671
578089
578515
578943
579338
579735
580151
580572
580972
581409
581859
582308
582732
583190
583664
584119
584599
585070
585506
585943
586386
586808
587211
587644
588078
588486
588862
589225
589620
590081
590550
591011
591436
591885
592326
592755
593167
593625
594097
594553
594977
595422
595858
596280
596728
597194
597640
598052
598493
598945
599401
599844
600307
600759
601201
601620
602055
602499
602958
603396
603859
604300
604696
605094
605511
605932
606363
606780
607217
607659
608089
608514
608942
609331
609713
610115
610527
610955
611370
611810
612246
612663
613069
613479
613891
614272
614677
615099
615525
615926
616325
616743
617160
617561
617967
618384
618800
619195
619608
620043
620469
620893
621328
621755
622144
622556
622969
623370
623764
624181
624610
625015
625417
625839
626274
626677
627057
627488
627932
628380
628785
629218
629658
630102
630498
630894
631286
631665
632015
632362
632702
633058
633418
633784
634158
634532
634883
635243
635593
635954
636309
636667
637042
637402
637755
638092
638422
638763
639134
639537
639957
640374
640811
641281
641699
642143
642594
643040
643437
643832
644281
644743
645196
645640
646120
646608
647060
647516
647971
648432
648882
649341
649800
650249
650690
651144
651603
652027
652461
652916
653368
653814
654277
654696
655080
655530
655977
656407
656834
657290
657725
658150
658606
659068
659501
659925
660368
660820
661273
661689
662131
662590
663049
663479
663947
664423
664892
665341
665828
666321
666788
667258
667718
668164
668594
669048
669493
669941
670350
670788
671234
671696
672142
672582
673033
673496
673956
674436
674920
675386
675830
676234
676657
677066
677462
677838
678255
678680
679111
679528
679973
680437
680921
681372
681841
682297
682729
683147
683575
684003
684407
684835
685270
685709
686138
686568
687011
687465
687907
688361
688818
689250
689707
690159
690585
690962
691373
691780
692154
692509
692879
693269
693704
694145
694559
694965
695396
695829
696235
696621
697038
697460
697881
698279
698701
699134
699567
699977
700408
700851
701311
701747
702198
702668
703129
703564
704027
704497
704965
705407
705853
706321
706787
707261
707708
708192
708682
709132
709591
710051
710513
710945
711393
711864
712336
712803
713282
713771
714235
714689
715132
715592
716040
716477
716887
717271
717691
718119
718528
718963
719418
719858
720257
720691
721125
721545
721979
722418
722842
723233
723653
724090
724518
724927
725368
725806
726227
726651
727095
727553
728008
728478
728948
729406
729838
730298
730753
731193
731641
732101
732550
732975
733425
733872
734308
734698
735093
735515
735956
736396
736820
737281
737744
738178
738624
739084
739542
739969
740415
740859
741276
741721
742172
742618
743015
743451
743900
744358
744796
745272
745755
746234
746680
747150
747626
748087
748519
748966
749407
749847
750264
750715
751171
751634
752088
752563
753045
753492
753939
754379
754795
755192
755627
756077
756502
756937
757397
757868
758295
758739
759185
759636
760064
760511
760966
761417
761832
762274
762712
763154
763582
764028
764473
764910
765320
765759
766207
766654
767076
767522
767956
768400
768817
769261
769715
770179
770637
771100
771563
772018
772451
772908
773360
773795
774193
774611
775023
775432
775815
776212
776622
777028
777425
777836
778269
778710
779126
779546
779982
780409
780822
781273
781717
782138
782565
783023
783475
783916
784350
784811
785277
785734
786150
786590
787031
787463
787897
788338
788793
789227
789679
790128
790578
791009
791435
791883
792330
792762
793164
793593
794033
794456
794891
795331
795749
796128
796509
796928
797360
797758
798179
798630
799079
799486
799931
800372
800797
801227
801676
802121
802547
802948
803361
803734
804088
804452
804809
805178
805582
806000
806413
806796
807214
807631
808049
808443
808869
809296
809696
810122
810554
810976
811416
811872
812305
812754
813215
813640
814068
814527
814985
815414
815842
816282
816702
817079
817489
817904
818324
818720
819156
819598
820034
820451
820902
821350
821790
822197
822635
823076
823525
823957
824396
824832
825268
825685
826126
826577
827023
827450
827892
828332
828746
829179
829605
830022
830404
830809
831219
831632
832017
832438
832868
833276
833686
834115
834554
834962
835399
835846
836287
836694
837105
837509
837892
838266
838662
839065
839455
839863
840276
840695
841080
841497
841921
842338
842740
843162
843569
843966
844372
844786
845180
845564
845961
846358
846723
847078
847454
847848
848245
848622
849036
849455
849846
850219
850636
851050
851439
851802
852205
852629
853048
853451
853867
854292
854716
855112
855527
855958
856401
856814
857242
857678
858101
858498
858923
859369
859815
860248
860695
861154
861602
862072
862539
862996
863438
863880
864314
864712
865134
865551
865934
866313
866706
867072
867421
867781
868141
868506
868903
869331
869733
870151
870577
870989
871406
871841
872264
872658
873085
873511
873919
874323
874749
875163
875553
875976
876409
876843
877251
877681
878127
878546
878972
879428
879889
880329
880785
881243
881690
882116
882571
883021
883462
883878
884316
884751
885173
885575
886004
886443
886874
887267
887693
888119
888560
888973
889405
889852
890286
890689
891115
891542
891949
892380
892817
893265
893705
894149
894594
895027
895427
895848
896276
896702
897102
897536
897966
898381
898794
899218
899649
900047
900484
900934
901392
901840
902250
902658
903072
903497
903921
904352
904788
905220
905621
906038
906453
906854
907254
907685
908126
908562
908971
909368
909781
910190
910577
910985
911409
911818
912211
912641
913077
913484
913906
914333
914743
915136
915552
915962
916336
916722
917126
917531
917912
918309
918737
919160
919566
920000
920449
920895
921333
921790
922245
922673
923114
923519
923903
924270
924624
925005
925381
925741
926127
926490
926838
927177
927537
927889
928281
928692
929116
929525
929958
930389
930829
931257
931676
932114
932544
932928
933351
933786
934229
934642
935090
935536
935956
936362
936788
937214
937620
938049
938494
938940
939366
939808
940245
940674
941068
941470
941869
942249
942631
943036
943451
943873
944260
944664
945085
945493
945870
946277
946703
947136
947549
947968
948411
948853
949285
949734
950173
950607
951017
951434
951859
952273
952663
953077
953478
953880
954257
954645
955049
955451
955835
956198
956590
956999
957430
957841
958229
958655
959072
959492
959876
960264
960664
961076
961471
961858
962268
962676
963085
963478
963901
964331
964758
965167
965603
966035
966467
966865
967280
967714
968162
968595
969039
969481
969923
970334
970762
971199
971637
972052
972486
972923
973343
973755
974124
974512
974933
975356
975752
976193
976638
977063
977495
977939
978383
978801
979241
979682
980115
980524
980947
981373
981789
982178
982610
983044
983472
983864
984252
984687
985133
985592
986039
986503
986963
987399
987818
988256
988702
989123
989539
989954
990373
990764
991166
991589
992023
992438
992852
993275
993697
994082
994470
994828
995166
995516
995900
996308
996727
997147
997585
998020
998421
998836
999236
999604
999991
1000399
1000812
1001209
1001597
1002014
1002438
1002840
1003237
1003653
1004076
1004484
1004872
1005285
1005722
1006161
1006544
1006975
1007409
1007854
1008291
1008743
1009191
1009596
1009975
1010373
1010778
1011185
1011580
1012003
1012418
1012837
1013224
1013599
1014009
1014431
1014874
1015310
1015718
1016149
1016572
1016976
1017371
1017777
1018193
1018599
1018989
1019386
1019805
1020250
1020693
1021125
1021538
1021907
1022280
1022684
1023119
1023567
1024015
1024459
1024862
1025273
1025698
1026129
1026563
1026991
1027388
1027813
1028244
1028678
1029087
1029500
1029932
1030357
1030772
1031149
1031566
1032002
1032446
1032873
1033311
1033748
1034176
1034568
1034980
1035374
1035774
1036151
1036557
1036976
1037390
1037797
1038237
1038679
1039127
1039562
1040008
1040458
1040901
1041343
1041792
1042237
1042657
1043053
1043455
1043857
1044234
1044614
1045023
1045441
1045871
1046272
1046699
1047129
1047551
1047944
1048337
1048765
1049214
1049657
1050080
1050507
1050954
1051404
1051840
1052245
1052689
1053148
1053626
1054094
1054508
1054973
1055456
1055922
1056333
1056765
1057196
1057638
1058064
1058463
1058890
1059311
1059717
1060106
1060533
1060965
1061426
1061871
1062293
1062741
1063188
1063643
1064081
1064509
1064948
1065386
1065812
1066214
1066608
1067036
1067477
1067929
1068364
1068813
1069266
1069716
1070149
1070602
1071054
1071499
1071918
1072355
1072802
1073258
1073706
1074126
1074538
1074969
1075405
1075846
1076273
1076681
1077117
1077569
1078025
1078464
1078886
1079323
1079758
1080187
1080596
1081018
1081443
1081849
1082230
1082646
1083080
1083520
1083949
1084362
1084785
1085208
1085631
1086040
1086437
1086842
1087251
1087664
1088070
1088501
1088941
1089379
1089831
1090258
1090696
1091145
1091601
1092057
1092518
1092962
1093374
1093770
1094179
1094616
1095073
1095526
1095987
1096401
1096822
1097253
1097683
1098123
1098552
1098952
1099373
1099804
1100245
1100684
1101116
1101513
1101923
1102341
1102786
1103243
1103705
1104167
1104620
1105044
1105449
1105872
1106321
1106772
1107223
1107677
1108127
1108561
1108967
1109367
1109785
1110214
1110654
1111090
1111499
1111865
1112254
1112672
1113094
1113522
1113907
1114302
1114716
1115124
1115537
1115931
1116308
1116705
1117117
1117533
1117956
1118348
1118746
1119163
1119590
1120020
1120436
1120856
1121282
1121704
1122111
1122490
1122905
1123312
1123720
1124109
1124502
1124921
1125347
1125781
1126199
1126631
1127062
1127494
1127907
1128310
1128730
1129148
1129564
1129966
1130371
1130788
1131206
1131612
1132018
1132441
1132862
1133283
1133682
1134112
1134554
1134995
1135386
1135752
1136116
1136519
1136945
1137393
1137841
1138249
1138664
1139098
1139539
1139966
1140392
1140830
1141264
1141682
1142107
1142531
1142946
1143367
1143794
1144223
1144640
1145079
1145528
1145973
1146395
1146818
1147255
1147684
1148089
1148496
1148897
1149284
1149694
1150114
1150528
1150932
1151354
1151773
1152197
1152601
1153028
1153451
1153867
1154265
1154661
1155073
1155491
1155899
1156290
1156699
1157112
1157511
1157910
1158325
1158746
1159161
1159565
1159984
1160402
1160811
1161227
1161638
1162040
1162417
1162814
1163215
1163610
1163994
1164404
1164821
1165228
1165610
1166002
1166414
1166836
1167240
1167635
1168046
1168466
1168878
1169252
1169626
1170017
1170420
1170827
1171209
1171601
1172006
1172415
1172813
1173197
1173599
1174015
1174437
1174859
1175256
1175669
1176103
1176547
1176971
1177402
1177850
1178282
1178712
1179159
1179601
1180034
1180474
1180923
1181376
1181829
1182241
1182672
1183103
1183510
1183899
1184324
1184754
1185189
1185605
1186042
1186466
1186877
1187251
1187606
1187950
1188294
1188653
1189004
1189364
1189708
1190047
1190401
1190787
1191162
1191518
1191905
1192319
1192750
1193184
1193590
1193992
1194409
1194807
1195196
1195573
1195978
1196389
1196824
1197245
1197638
1198050
1198483
1198926
1199376
1199825
1200257
1200659
1201084
1201516
1201945
1202375
1202781
1203192
1203626
1204075
1204521
1204951
1205386
1205830
1206271
1206681
1207062
1207462
1207877
1208293
1208691
1209093
1209515
1209948
1210363
1210767
1211176
1211592
1211999
1212423
1212851
1213264
1213648
1214043
1214456
1214880
1215290
1215725
1216164
1216608
1217051
1217475
1217905
1218335
1218765
1219165
1219575
1219993
1220419
1220818
1221221
1221646
1222087
1222522
1222928
1223364
1223816
1224274
1224705
1225119
1225558
1226001
1226433
1226838
1227258
1227696
1228147
1228594
1229013
1229454
1229887
1230322
1230704
1231126
1231553
1231997
1232422
1232821
1233245
1233693
1234138
1234574
1235003
1235444
1235890
1236319
1236747
1237193
1237655
1238094
1238504
1238933
1239384
1239836
