466
928
1392
1836
2270
2707
3153
3583
3986
4371
4749
5164
5607
6047
6490
6927
7360
7800
8250
8686
9096
9466
9839
10238
10655
11077
11494
11917
12341
12760
13171
13588
14017
14449
14892
15338
15769
16144
16484
16819
17155
17493
17826
18156
18476
18791
19152
19538
19923
20302
20681
21057
21429
21793
22160
22532
22913
23306
23720
24157
24615
25107
25593
26064
26516
26962
27408
27854
28293
28729
29180
29641
30104
30555
31012
31467
31928
32382
32832
33297
33765
34215
34658
35109
35567
36027
36470
36919
37366
37800
38244
38699
39174
39640
40128
40619
41086
41543
41969
42366
42759
43134
43494
43859
44220
44586
45086
45591
46055
46522
46988
47441
47873
48304
48752
49205
49649
50125
50611
51087
51551
52013
52487
52958
53432
53907
54373
54839
55299
55770
56240
56696
57167
57652
58125
58595
59079
59560
60020
60472
60937
61407
61862
62333
62807
63278
63751
64221
64699
65159
65630
66105
66567
67020
67473
67928
68380
68840
69310
69777
70229
70690
71175
71639
72101
72544
72963
73376
73845
74311
74770
75233
75701
76186
76641
77100
77550
78002
78445
78894
79347
79802
80260
80727
81197
81657
82103
82552
83012
83476
83919
84368
84823
85291
85763
86249
86728
87186
87645
88108
88588
89049
89519
89992
90459
90908
91374
91846
92308
92772
93262
93745
94218
94679
95147
95612
96057
96506
96959
97427
97881
98329
98777
99215
99646
100036
100440
100925
101392
101865
102323
102771
103179
103605
104044
104485
104931
105377
105816
106265
106730
107214
107677
108128
108579
109010
109431
109853
110281
110718
111161
111600
112040
112497
112949
113404
113852
114297
114732
115166
115565
115961
116329
116699
117072
117442
117852
118240
118602
118960
119356
119764
120170
120558
120945
121338
121744
122154
122549
122949
123369
123803
124232
124666
125110
125568
126026
126478
126933
127386
127829
128253
128673
129099
129530
129947
130380
130817
131242
131649
132055
132471
132902
133338
133778
134226
134659
135087
135533
135970
136403
136844
137302
137754
138192
138642
139091
139530
139945
140373
140794
141213
141617
142053
142500
142928
143356
143788
144225
144643
145071
145503
145928
146349
146790
147229
147670
148117
148558
148986
149376
149767
150178
150606
151036
151476
151920
152381
152828
153277
153727
154178
154616
155048
155456
155848
156252
156684
157133
157571
158015
158461
158911
159350
159794
160234
160676
161123
161564
162003
162426
162855
163294
163741
164179
164610
165056
165485
165912
166343
166777
167205
167650
168107
168554
169006
169456
169911
170346
170774
171211
171640
172039
172398
172770
173219
173647
174083
174520
174949
175361
175741
176149
176579
177017
177452
177887
178323
178769
179205
179640
180082
180529
180980
181427
181882
182347
182807
183276
183749
184229
184700
185172
185653
186125
186593
187044
187482
187923
188360
188778
189180
189633
190106
190559
190978
191383
191785
192186
192566
192960
193366
193782
194188
194596
195019
195452
195886
196333
196779
197229
197665
198109
198552
198985
199425
199882
200336
200790
201240
201698
202152
202595
203043
203505
203966
204418
204869
205329
205799
206252
206705
207170
207626
208070
208529
208997
209466
209922
210380
210860
211321
211775
212235
212688
213132
213582
214042
214496
214948
215406
215872
216323
216784
217251
217718
218167
218613
219063
219511
219951
220406
220862
221310
221763
222222
222678
223121
223568
224019
224468
224906
225334
225766
226191
226610
227027
227455
227866
228298
228752
229216
229669
230136
230591
231054
231505
231956
232420
232888
233341
233793
234250
234701
235140
235587
236033
236479
236926
237384
237859
238321
238775
239237
239698
240157
240621
241082
241542
241993
242436
242888
243340
243785
244244
244717
245174
245633
246095
246530
246929
247295
247647
248020
248402
248775
249134
249519
249952
250381
250819
251250
251659
252069
252471
252859
253239
253611
254010
254442
254875
255312
255758
256214
256686
257138
257596
258059
258517
258965
259416
259860
260309
260755
261198
261657
262110
262571
263032
263497
263950
264405
264857
265310
265748
266191
266631
267077
267517
267986
268450
268912
269367
269834
270295
270744
271187
271634
272085
272534
272996
273451
273903
274351
274799
275270
275736
276202
276670
277155
277624
278084
278527
278961
279385
279772
280173
280573
281007
281422
281800
282220
282674
283123
283557
283959
284361
284771
285175
285564
285966
286383
286828
287264
287705
288148
288580
289009
289442
289883
290323
290757
291203
291637
292060
292500
292933
293374
293791
294231
294672
295105
295523
295954
296398
296837
297278
297727
298183
298629
299068
299498
299943
300370
300815
301262
301713
302152
302597
303049
303506
303961
304417
304866
305306
305759
306206
306656
307094
307532
307965
308361
308726
309088
309439
309780
310137
310579
310994
311411
311840
312259
312647
313037
313418
313809
314177
314532
314897
315349
315788
316256
316738
317179
317614
318041
318468
318897
319321
319744
320159
320578
321007
321448
321907
322373
322825
323262
323704
324146
324595
325033
325476
325919
326372
326814
327265
327734
328188
328633
329066
329503
329956
330396
330830
331264
331711
332167
332619
333065
333490
333919
334349
334790
335226
335662
336106
336550
336990
337435
337885
338331
338769
339201
339641
340084
340523
340968
341416
341870
342333
342777
343228
343685
344144
344608
345088
345575
346052
346508
346970
347434
347889
348344
348806
349269
349720
350168
350624
351068
351493
351931
352379
352831
353279
353738
354195
354647
355104
355551
356000
356427
356810
357204
357632
358038
358458
358903
359360
359794
360230
360676
361116
361539
361979
362414
362856
363292
363737
364184
364638
365072
365506
365943
366375
366798
367227
367666
368116
368558
369011
369473
369947
370407
370874
371324
371776
372216
372660
373112
373560
374014
374454
374901
375347
375793
376229
376666
377113
377556
377986
378429
378874
379322
379752
380184
380632
381077
381519
381961
382404
382850
383279
383717
384157
384595
385025
385474
385917
386353
386787
387224
387665
388101
388553
388995
389440
389872
390307
390757
391210
391650
392095
392552
393012
393458
393889
394298
394691
395068
395427
395775
396131
396550
396996
397424
397809
398211
398606
399004
399391
399789
400198
400567
400927
401287
401705
402156
402602
403061
403519
403975
404416
404853
405291
405719
406148
406585
406986
407366
407737
408206
408677
409179
409685
410170
410629
411066
411488
411904
412329
412772
413208
413654
414104
414550
414984
415416
415847
416268
416692
417126
417563
417989
418414
418845
419285
419717
420145
420561
420984
421376
421796
422245
422696
423153
423616
424079
424544
425005
425469
425918
426359
426746
427141
427561
428001
428421
428883
429337
429774
430194
430624
431045
431439
431814
432207
432619
433046
433470
433863
434279
434721
435165
435586
436008
436442
436880
437309
437764
438214
438672
439104
439528
439962
440398
440817
441245
441676
442104
442513
442946
443400
443859
444292
444746
445192
445619
446014
446416
446826
447273
447697
448144
448563
448943
449327
449730
450149
450576
450984
451395
451819
452249
452663
453083
453518
453966
454401
454836
455279
455713
456158
456597
457037
457466
457915
458391
458859
459309
459763
460220
460672
461084
461509
461914
462347
462763
463197
463651
464112
464559
465016
465482
465940
466377
466799
467213
467605
467994
468398
468807
469238
469655
470097
470544
470989
471414
471841
472247
472632
473006
473371
473732
474100
474454
474806
475158
475506
475853
476186
476534
476921
477295
477655
478001
478342
478697
479068
479442
479822
480212
480602
480984
481372
481784
482199
482618
483050
483490
483945
484394
484839
485289
485738
486185
486644
487105
487564
488010
488452
488890
489332
489770
490216
490669
491110
491539
491983
492428
492872
493304
493737
494164
494587
494989
495382
495764
496152
496524
496881
497305
497765
498223
498660
499095
499521
499938
500333
500730
501131
501529
501920
502311
502717
503149
503585
504011
504453
504905
505365
505818
506279
506742
507195
507649
508095
508536
508974
509383
509775
510208
510662
511114
511544
511920
512292
512695
513092
513500
513913
514300
514708
515117
515537
515946
516375
516805
517226
517633
518051
518469
518894
519321
519758
520193
520635
521071
521505
521943
522389
522822
523261
523704
524148
524581
525020
525453
525876
526274
526689
527098
527503
527879
528288
528724
529148
529549
529962
530391
530819
531245
531672
532111
532536
532975
533412
533847
534264
534692
535129
535552
535976
536430
536885
537302
537733
538140
538515
538900
539304
539722
540117
540542
540977
541409
541822
542239
542657
543072
543496
543916
544334
544731
545151
545576
546000
546400
546813
547219
547637
548059
548495
548928
549339
549764
550196
550624
551034
551451
551879
552314
552725
553144
553546
553916
554278
554647
555018
555382
555733
556090
556480
556862
557257
557660
558072
558467
558870
559280
559704
560110
560537
560979
561417
561840
562263
562685
563104
563515
563940
564366
564800
565214
565646
566091
566537
566965
567380
567798
568222
568647
569066
569478
569895
570313
570739
571151
571550
571929
572301
572667
573027
573383
573767
574195
574593
574969
575335
575736
576154
576544
576932
577321
577706
578089
578473
578870
579298
579725
580146
580582
581027
581486
581931
582384
582842
583293
583740
584197
584657
585123
585588
586051
586499
586935
587380
587824
588268
588700
589150
589609
590064
590486
590896
591300
591681
592091
592500
592939
593352
593769
594197
594597
594958
595309
595653
595993
596361
596773
597192
597623
598058
598489
598903
599317
599724
600141
600558
600960
601361
601816
602295
602787
603280
603754
604219
604674
605128
605581
606032
606476
606918
607355
607789
608256
608719
609196
609671
610139
610596
611056
611497
611919
612353
612788
613220
613651
614071
614507
614952
615404
615841
616294
616739
617187
617607
618024
618442
618862
619272
619680
620105
620541
620982
621422
621855
622294
622712
623109
623506
623894
624280
624664
625034
625385
625747
626192
626616
627058
627497
627935
628365
628804
629254
629706
630147
630595
631052
631513
631968
632432
632896
633371
633833
634308
634784
635250
635696
636144
636599
637058
637511
637959
638398
638846
639300
639747
640195
640666
641152
641631
642115
642592
643059
643514
643973
644442
644901
645352
645811
646274
646737
647190
647638
648081
648516
648956
649401
649861
650307
650758
651202
651653
652089
652526
652958
653394
653834
654281
654745
655209
655661
656112
656565
657007
657448
657897
658359
658808
659265
659723
660180
660628
661067
661496
661936
662385
662842
663273
663708
664151
664608
665048
665495
665939
666394
666839
667294
667744
668200
668646
669099
669551
669999
670440
670889
671352
671830
672306
672755
673207
673657
674119
674567
675016
675463
675920
676370
676821
677273
677722
678165
678610
679058
679519
679973
680426
680900
681369
681815
682262
682707
683149
683579
684012
684453
684901
685348
685810
686269
686717
687159
687602
688052
688499
688932
689347
689761
690183
690605
691039
691495
691974
692428
692886
693348
693797
694224
694658
695100
695551
695992
696447
696910
697370
697814
698270
698731
699192
699637
700091
700555
701019
701475
701935
702401
702864
703310
703771
704234
704689
705113
705477
705869
706320
706778
707244
707704
708168
708629
709086
709522
709950
710381
710804
711220
711642
712071
712520
712968
713416
713858
714294
714717
715145
715579
716021
716457
716893
717338
717780
718227
718668
719120
719558
719999
720446
720885
721312
721705
722108
722528
722972
723397
723828
724244
724670
725072
725488
725913
726342
726741
727157
727576
728009
728430
728856
729297
729732
730163
730599
731042
731478
731909
732348
732793
733211
733592
733941
734288
734672
735119
735533
735949
736388
736840
737272
737736
738206
738691
739172
739630
740093
740557
741026
741485
741955
742433
742895
743350
743811
744288
744748
745198
745647
746102
746552
747003
747473
747941
748394
748827
749272
749728
750183
750631
751081
751533
751985
752427
752870
753320
753762
754191
754629
755080
755540
755983
756435
756891
757348
757781
758220
758668
759114
759556
760001
760459
760923
761380
761813
762233
762646
763099
763567
764038
764502
764952
765385
765815
766249
766689
767133
767584
768041
768483
768883
769260
769611
769960
770419
770854
771306
771721
772097
772491
772916
773337
773757
774173
774587
774998
775422
775854
776300
776736
777202
777673
778170
778648
779110
779563
780014
780453
780906
781355
781822
782279
782730
783193
783668
784131
784586
785037
785482
785913
786342
786781
787216
787651
788091
788548
789026
789480
789931
790383
790845
791288
791731
792183
792647
793098
793549
794012
794471
794918
795357
795802
796257
796690
797120
797551
798000
798438
798864
799294
799728
800167
800599
801026
801474
801926
802364
802794
803233
803683
804121
804533
804887
805297
805731
806180
806639
807084
807536
807979
808414
808836
809263
809688
810119
810544
810976
811420
811865
812313
812770
813225
813692
814156
814609
815047
815488
815927
816370
816816
817262
817707
818155
818607
819067
819509
819936
820380
820832
821284
821720
822151
822553
822918
823263
823599
823957
824410
824855
825300
825750
826210
826659
827096
827527
827946
828366
828777
829182
829587
829994
830407
830834
831278
831728
832170
832613
833057
833503
833940
834385
834826
835266
835700
836138
836577
836995
837404
837815
838233
838647
839064
839489
839927
840357
840777
841194
841614
842016
842416
842820
843229
843640
844051
844468
844890
845301
845715
846134
846556
846969
847375
847785
848201
848612
848995
849409
849825
850220
850641
851094
851536
851974
852394
852830
853274
853712
854140
854578
855019
855461
855890
856325
856768
857213
857651
858106
858562
859004
859450
859903
860356
860804
861263
861726
862193
862634
863084
863545
864008
864458
864909
865350
865761
866110
866451
866898
867345
867828
868308
868768
869217
869657
870091
870507
870927
871353
871776
872206
872631
873063
873494
873931
874385
874843
875272
875679
876053
876430
876806
877213
877643
878081
878511
878954
879383
879809
880229
880652
881080
881511
881938
882373
882814
883259
883691
884130
884569
885011
885435
885865
886304
886761
887192
887627
888068
888512
888920
889287
889655
890084
890544
891006
891449
891903
892357
892798
893234
893667
894102
894522
894927
895346
895768
896207
896647
897099
897564
898016
898452
898888
899341
899771
900198
900621
901054
901491
901920
902352
902787
903211
903632
904055
904480
904896
905315
905734
906165
906584
906999
907422
907847
908262
908674
909093
909506
909881
910220
910555
910912
911291
911650
911998
912398
912854
913276
913699
914116
914542
914947
915366
915784
916200
916605
917040
917481
917933
918378
918825
919274
919738
920196
920663
921128
921584
922024
922468
922910
923357
923788
924224
924670
925119
925552
925961
926369
926794
927211
927639
928079
928530
928977
929423
929874
930322
930766
931208
931647
932078
932499
932927
933361
933810
934259
934721
935185
935625
936068
936512
936959
937389
937823
938267
938707
939149
939599
940046
940479
940920
941359
941790
942217
942633
943037
943398
943734
944086
944531
944943
945375
945792
946180
946575
946961
947319
947663
947999
948331
948670
949041
949424
949816
950203
950593
951001
951414
951832
952261
952722
953188
953648
954112
954584
955047
955495
955939
956390
956801
957212
957636
958076
958530
958976
959442
959918
960371
960810
961253
961693
962123
962556
962993
963443
963882
964325
964764
965210
965646
966088
966529
966957
967377
967783
968206
968664
969125
969586
970042
970491
970946
971380
971814
972235
972648
973090
973536
973982
974429
974897
975380
975844
976292
976738
977182
977616
978038
978465
978896
979340
979768
980213
980650
981089
981511
981945
982380
982815
983248
983693
984144
984585
985029
985475
985916
986347
986776
987196
987606
988010
988426
988856
989302
989744
990176
990580
990954
991305
991646
991995
992370
992746
993182
993643
994095
994515
994953
995385
995825
996255
996692
997133
997579
998012
998445
998879
999323
999763
1000211
1000673
1001125
1001560
1002002
1002450
1002894
1003330
1003772
1004217
1004646
1005070
1005504
1005944
1006373
1006800
1007233
1007673
1008102
1008533
1008964
1009393
1009814
1010243
1010678
1011111
1011534
1011964
1012406
1012842
1013278
1013694
1014060
1014424
1014872
1015328
1015813
1016296
1016758
1017207
1017644
1018075
1018504
1018914
1019338
1019772
1020206
1020633
1021067
1021495
1021924
1022355
1022792
1023234
1023671
1024107
1024548
1024984
1025413
1025847
1026296
1026744
1027180
1027600
1028014
1028435
1028876
1029311
1029712
1030131
1030564
1031010
1031438
1031896
1032344
1032794
1033230
1033663
1034076
1034453
1034812
1035162
1035496
1035853
1036217
1036569
1036908
1037254
1037627
1038018
1038427
1038838
1039239
1039651
1040065
1040485
1040889
1041308
1041734
1042171
1042597
1043032
1043478
1043933
1044371
1044806
1045251
1045693
1046127
1046560
1046994
1047428
1047841
1048216
1048632
1049080
1049532
1049982
1050424
1050860
1051279
1051650
1052026
1052452
1052903
1053353
1053805
1054245
1054675
1055098
1055522
1055948
1056378
1056812
1057240
1057663
1058094
1058527
1058969
1059402
1059839
1060282
1060725
1061153
1061584
1062017
1062451
1062876
1063304
1063719
1064143
1064575
1065034
1065494
1065949
1066356
1066767
1067222
1067669
1068099
1068523
1068936
1069351
1069810
1070287
1070761
1071235
1071698
1072146
1072550
1072929
1073291
1073696
1074172
1074619
1075046
1075430
1075805
1076166
1076507
1076846
1077196
1077555
1077927
1078303
1078681
1079052
1079416
1079785
1080146
1080493
1080842
1081261
1081676
1082076
1082451
1082815
1083206
1083606
1084010
1084414
1084822
1085217
1085596
1085968
1086378
1086813
1087259
1087738
1088226
1088706
1089169
1089623
1090064
1090498
1090904
1091289
1091696
1092131
1092566
1093016
1093468
1093910
1094345
1094767
1095173
1095552
1095934
1096324
1096739
1097163
1097557
1097928
1098302
1098672
1099086
1099537
1099985
1100424
1100854
1101273
1101673
1102055
1102442
1102846
1103284
1103720
1104166
1104612
1105055
1105481
1105894
1106308
1106734
1107170
1107623
1108075
1108523
1108956
1109366
1109769
1110181
1110603
1111034
1111475
1111916
1112356
1112781
1113197
1113621
1114047
1114480
1114910
1115336
1115758
1116158
1116542
1116933
1117356
1117795
1118252
1118705
1119161
1119567
1119952
1120320
1120704
1121095
1121483
1121861
1122234
1122631
1123046
1123484
1123929
1124369
1124801
1125210
1125605
1125984
1126339
1126696
1127063
1127443
1127851
1128291
1128732
1129164
1129581
1129984
1130370
1130760
1131148
1131549
1131968
1132384
1132811
1133233
1133656
1134054
1134459
1134864
1135279
1135693
1136110
1136538
1136969
1137395
1137805
1138216
1138615
1139030
1139414
1139801
1140193
1140596
1141018
1141423
1141851
1142286
1142728
1143154
1143576
1143969
1144346
1144710
1145057
1145395
1145749
1146126
1146502
1146897
1147310
1147740
1148172
1148598
1149015
1149406
1149823
1150255
1150692
1151137
1151585
1152013
1152449
1152885
1153325
1153766
1154196
1154624
1155046
1155464
1155874
1156291
1156704
1157117
1157533
1157948
1158369
1158793
1159217
1159647
1160068
1160496
1160924
1161357
1161792
1162225
1162653
1163079
1163507
1163926
1164342
1164763
1165182
1165590
1166017
1166443
1166875
1167308
1167743
1168176
1168601
1169008
1169421
1169840
1170267
1170687
1171114
1171538
1171959
1172363
1172778
1173196
1173619
1174036
1174457
1174879
1175303
1175722
1176145
1176575
1177005
1177428
1177858
1178289
1178724
1179149
1179585
1180023
1180463
1180897
1181331
1181765
1182199
1182628
1183060
1183498
1183937
1184370
1184807
1185247
1185692
1186133
1186564
1186996
1187429
1187849
1188266
1188684
1189114
1189544
1189976
1190411
1190848
1191286
1191704
1192090
1192457
1192878
1193299
1193731
1194167
1194604
1195014
1195426
1195832
1196221
1196598
1196970
1197346
1197735
1198144
1198558
1198984
1199425
1199871
1200319
1200763
1201206
1201644
1202072
1202488
1202907
1203329
1203751
1204167
1204594
1205025
1205455
1205885
1206308
1206727
1207153
1207573
1207986
1208409
1208830
1209249
1209660
1210082
1210500
1210911
1211310
1211718
1212122
1212528
1212931
1213339
1213749
1214162
1214575
1215001
1215430
1215851
1216276
1216692
1217099
1217491
1217881
1218276
1218673
1219076
1219493
1219912
1220347
1220769
1221189
1221595
1221990
1222370
1222751
1223126
1223505
1223880
1224270
1224670
1225078
1225485
1225893
1226310
1226731
1227149
1227566
1227975
1228374
1228762
1229153
1229556
1229970
1230380
1230775
1231194
1231613
1232038
1232455
1232880
1233302
1233710
1234094
1234490
1234885
1235298
1235709
1236134
1236571
1237000
1237413
1237796
1238169
1238546
1238921
1239306
1239698
