13
259
546
841
1156
1632
2124
2604
3083
3511
3916
4312
4703
5099
5510
5914
6317
6725
7145
7579
8006
8400
8788
9185
9647
10132
10595
11023
11448
11869
12293
12700
13134
13581
14010
14466
14918
15345
15785
16222
16645
17085
17535
17961
18368
18809
19325
19842
20289
20722
21156
21599
22014
22427
22853
23298
23754
24181
24624
25084
25530
25954
26385
26833
27260
27677
28116
28563
28967
29374
29784
30175
30602
31056
31471
31889
32316
32704
33085
33473
33872
34254
34661
35085
35498
35910
36346
36768
37168
37568
37964
38347
38736
39149
39551
39982
40410
40814
41217
41634
42027
42424
42828
43225
43611
43997
44366
44726
45097
45487
45863
46237
46616
46987
47353
47732
48117
48477
48841
49211
49572
49909
50233
50559
50895
51271
51700
52109
52492
52883
53285
53697
54083
54449
54805
55156
55504
55834
56159
56493
56862
57318
57742
58174
58604
59006
59405
59800
60173
60541
60909
61286
61641
62010
62388
62792
63158
63503
63849
64199
64566
64918
65253
65595
65956
66343
66742
67102
67438
67769
68097
68429
68751
69068
69387
69723
70107
70507
70879
71260
71661
72071
72455
72806
73146
73487
73851
74242
74605
74981
75385
75789
76177
76551
76932
77330
77738
78110
78474
78857
79270
79670
80064
80469
80906
81330
81729
82134
82551
82972
83388
83805
84241
84658
85055
85456
85878
86304
86705
87109
87537
87934
88307
88671
89016
89346
89683
90009
90323
90643
90974
91336
91717
92057
92384
92712
93055
93424
93819
94182
94541
94898
95269
95651
96014
96371
96724
97073
97421
97794
98250
98729
99161
99599
100050
100499
100889
101266
101628
102002
102394
102781
103158
103532
103915
104292
104650
104980
105305
105630
105974
106349
106693
107041
107383
107728
108057
108376
108697
109018
109339
109649
109958
110270
110587
110898
111206
111520
111837
112159
112477
112790
113107
113430
113763
114079
114404
114739
115084
115431
115766
116109
116448
116794
117127
117464
117824
118262
118687
119076
119465
119842
120193
120518
120836
121156
121492
121823
122164
122534
122951
123349
123747
124139
124516
124873
125225
125574
125913
126232
126542
126853
127172
127520
127875
128211
128550
128902
129255
129587
129919
130248
130582
130902
131207
131507
131807
132110
132424
132737
133041
133353
133689
134151
134589
134985
135360
135726
136078
136401
136717
137034
137357
137688
138012
138351
138719
139136
139534
139951
140355
140737
141121
141508
141863
142208
142556
142919
143282
143661
144076
144491
144891
145295
145692
146069
146445
146823
147178
147537
147901
148259
148611
148979
149341
149704
150076
150427
150775
151129
151501
151884
152239
152588
152947
153329
153729
154086
154434
154782
155140
155482
155828
156185
156564
156925
157266
157604
157941
158298
158635
158974
159320
159683
160030
160395
160765
161130
161488
161853
162231
162609
162964
163311
163662
164033
164405
164771
165164
165580
166000
166389
166758
167130
167515
167910
168290
168653
169025
169423
169832
170247
170660
171089
171518
171947
172357
172772
173194
173617
174033
174455
174892
175328
175737
176132
176538
176987
177444
177856
178255
178644
179041
179422
179782
180147
180522
180905
181271
181635
182018
182423
182851
183245
183638
184037
184449
184842
185236
185644
186071
186480
186866
187247
187640
188079
188545
188983
189387
189766
190137
190518
190940
191379
191800
192195
192582
192971
193390
193822
194228
194612
194998
195394
195811
196225
196607
196983
197369
197767
198184
198574
198952
199339
199758
200214
200635
201026
201412
201799
202210
202608
202994
203387
203795
204193
204568
204966
205401
205845
206259
206655
207055
207476
207903
208305
208690
209071
209471
209873
210247
210634
211031
211432
211830
212242
212643
213018
213390
213764
214133
214500
214885
215298
215692
216096
216503
216905
217281
217655
218032
218422
218796
219188
219612
220051
220477
220901
221329
221737
222125
222518
222922
223315
223712
224138
224571
224983
225394
225794
226163
226529
226896
227270
227629
227993
228375
228802
229208
229582
229956
230340
230729
231118
231473
231810
232146
232484
232856
233304
233718
234103
234495
234893
235292
235670
236019
236359
236701
237062
237483
237887
238315
238772
239204
239604
240006
240424
240853
241259
241672
242102
242515
242920
243325
243722
244098
244482
244894
245327
245724
246121
246532
246964
247370
247743
248096
248443
248797
249150
249502
249881
250369
250850
251291
251721
252125
252509
252858
253191
253519
253855
254226
254607
254981
255378
255788
256192
256589
256951
257303
257655
258022
258402
258746
259074
259395
259718
260057
260461
260861
261222
261590
261964
262366
262777
263154
263507
263851
264197
264548
264916
265253
265586
265927
266312
266764
267158
267543
267928
268326
268713
269075
269435
269830
270228
270602
270981
271360
271724
272065
272408
272756
273145
273526
273876
274234
274608
275002
275362
275699
276018
276338
276658
276989
277333
277663
277991
278327
278681
279109
279540
279931
280318
280711
281128
281538
281920
282289
282660
283091
283560
283982
284378
284773
285171
285587
285982
286368
286761
287173
287596
288008
288389
288755
289122
289520
289939
290314
290667
291032
291446
291979
292472
292901
293314
293719
294126
294545
294945
295341
295758
296210
296661
297083
297509
297938
298364
298775
299152
299532
299939
300419
300870
301289
301715
302157
302605
303016
303407
303798
304208
304632
305022
305410
305803
306229
306680
307081
307471
307876
308312
308752
309142
309517
309908
310343
310806
311213
311619
312043
312475
312880
313247
313597
313955
314343
314768
315177
315551
315920
316308
316721
317111
317502
317920
318347
318778
319175
319545
319908
320286
320689
321082
321459
321854
322287
322739
323151
323542
323928
324318
324707
325064
325413
325774
326188
326660
327081
327476
327868
328267
328675
329051
329421
329796
330219
330672
331087
331491
331892
332292
332683
333042
333384
333730
334116
334552
334964
335371
335792
336233
336663
337053
337427
337794
338172
338542
338889
339244
339621
340019
340381
340726
341058
341376
341692
342018
342389
342880
343336
343743
344150
344565
344990
345385
345753
346122
346502
346918
347340
347731
348118
348515
348922
349307
349698
350102
350498
350882
351277
351676
352050
352429
352822
353231
353610
353991
354385
354796
355177
355551
355930
356316
356686
357032
357371
357715
358092
358528
358918
359303
359690
360096
360514
360905
361284
361659
362055
362463
362839
363217
363616
364031
364438
364817
365198
365584
365989
366413
366830
367221
367597
367969
368372
368855
369319
369730
370137
370544
370955
371358
371732
372094
372462
372876
373333
373757
374167
374579
374998
375419
375805
376175
376555
376965
377393
377790
378184
378594
379026
379440
379842
380242
380633
381007
381381
381757
382120
382492
382884
383278
383671
384077
384479
384852
385228
385607
385972
386346
386736
387132
387515
387916
388328
388715
389080
389454
389850
390229
390641
391076
391492
391902
392321
392721
393103
393476
393842
394204
394550
394892
395245
395632
396072
396481
396872
397270
397687
398126
398538
398922
399296
399673
400067
400476
400850
401213
401577
401961
402375
402756
403125
403505
403932
404372
404797
405245
405708
406132
406561
406992
407403
407805
408207
408618
409008
409392
409788
410221
410650
411070
411514
411970
412403
412840
413263
413664
414062
414464
414859
415236
415620
416042
416452
416859
417271
417672
418055
418435
418810
419199
419580
419938
420308
420697
421103
421486
421884
422308
422743
423147
423545
423927
424307
424673
425028
425392
425786
426210
426620
427027
427454
427894
428320
428711
429091
429472
429863
430255
430620
430987
431404
431913
432403
432818
433203
433575
433963
434404
434849
435256
435660
436074
436528
436994
437421
437848
438286
438751
439220
439670
440069
440461
440870
441317
441751
442190
442667
443145
443580
443999
444424
444828
445200
445551
445912
446366
446898
447343
447793
448257
448704
449114
449520
449940
450364
450767
451169
451586
451999
452371
452742
453129
453549
453959
454338
454713
455104
455517
455926
456302
456671
457042
457420
457790
458148
458516
458913
459305
459674
460044
460419
460802
461171
461523
461875
462241
462638
463055
463456
463825
464185
464553
464939
465354
465779
466176
466568
466966
467387
467799
468178
468555
468957
469401
469824
470223
470615
471015
471422
471809
472184
472561
472959
473352
473730
474116
474511
474884
475242
475599
475958
476302
476644
476994
477358
477746
478111
478483
478870
479270
479641
480017
480399
480776
481126
481472
481814
482166
482522
482880
483277
483711
484105
484511
484918
485318
485681
486023
486356
486699
487053
487412
487798
488294
488724
489129
489533
489940
490331
490702
491066
491439
491827
492215
492566
492903
493240
493599
494089
494530
494940
495352
495761
496176
496582
496952
497313
497673
498060
498424
498793
499185
499585
499942
500301
500668
501045
501413
501748
502077
502409
502757
503181
503584
503946
504300
504650
505013
505401
505760
506100
506444
506800
507221
507669
508077
508452
508823
509203
509610
509999
510361
510726
511149
511634
512095
512514
512921
513329
513773
514218
514624
515025
515449
515980
516491
516929
517342
517765
518230
518718
519163
519569
519974
520411
520931
521426
521848
522260
522673
523066
523428
523775
524134
524654
525130
525556
525982
526440
526907
527331
527711
528067
528415
528763
529105
529427
529743
530062
530422
530935
531401
531794
532165
532544
532926
533281
533634
534007
534403
534781
535129
535480
535842
536203
536544
536869
537182
537494
537809
538135
538484
538829
539156
539480
539810
540155
540531
540882
541254
541662
542112
542517
542904
543293
543687
544090
544462
544811
545159
545529
545933
546314
546674
547044
547432
547836
548222
548576
548929
549295
549673
550029
550387
550770
551185
551599
551971
552341
552728
553138
553516
553900
554301
554716
555138
555520
555898
556288
556678
557044
557422
557814
558201
558552
558897
559252
559650
560120
560551
560946
561331
561716
562118
562510
562881
563260
563662
564088
564495
564891
565288
565693
566099
566494
566863
567220
567581
567970
568382
568764
569159
569562
569972
570353
570728
571117
571513
571911
572301
572661
573013
573367
573755
574193
574600
575004
575410
575825
576215
576584
576956
577335
577692
578063
578464
578881
579266
579646
580027
580399
580756
581095
581432
581788
582203
582606
583009
583430
583861
584261
584634
584993
585351
585699
586040
586380
586731
587082
587423
587770
588124
588458
588797
589147
589525
589877
590232
590595
590956
591292
591623
591950
592275
592594
592910
593238
593616
594100
594509
594926
595338
595715
596090
596457
596799
597138
597484
597855
598235
598602
598971
599336
599689
600024
600360
600706
601089
601525
601957
602359
602750
603134
603510
603875
604232
604609
605037
605551
605996
606416
606828
607240
607644
608020
608389
608767
609160
609536
609898
610268
610648
611062
611474
611868
612235
612600
612971
613357
613712
614066
614423
614789
615144
615525
615963
616378
616777
617186
617615
618055
618460
618842
619212
619579
619953
620303
620638
620980
621339
621715
622080
622474
622919
623309
623700
624106
624481
624841
625200
625563
625932
626278
626613
626950
627299
627685
628084
628459
628846
629244
629627
629992
630357
630721
631086
631430
631765
632098
632442
632825
633255
633648
634054
634474
634874
635264
635645
636008
636352
636692
637031
637364
637687
638007
638327
638660
639068
639466
639891
640333
640762
641147
641517
641882
642245
642598
642928
643250
643578
643974
644491
644930
645334
645711
646092
646456
646820
647191
647561
647915
648270
648624
648960
649296
649632
649961
650291
650629
650988
651343
651720
652119
652515
652900
653295
653692
654088
654468
654815
655158
655508
655928
656358
656760
657171
657585
657971
658343
658712
659074
659413
659754
660097
660448
660792
661118
661444
661775
662131
662512
662873
663245
663641
664047
664423
664789
665160
665535
665891
666237
666595
666970
667364
667778
668196
668591
668974
669360
669767
670177
670561
670953
671362
671757
672182
672637
673061
673466
673870
674267
674640
674993
675342
675704
676071
676423
676790
677176
677578
677980
678340
678689
679034
679387
679740
680085
680431
680791
681139
681484
681841
682209
682582
682944
683276
683605
683933
684284
684699
685113
685500
685897
686302
686708
687082
687428
687767
688106
688472
688834
689184
689554
689978
690421
690829
691230
691628
692020
692375
692723
693065
693413
693763
694098
694438
694789
695161
695556
695922
696271
696619
696973
697350
697695
698026
698351
698674
699004
699331
699684
700084
700521
700936
701347
701750
702136
702496
702850
703202
703572
703937
704305
704703
705150
705609
706025
706436
706852
707263
707650
708036
708429
708821
709192
709555
709904
710242
710578
710903
711232
711570
711920
712254
712591
712932
713283
713629
713960
714290
714624
714980
715405
715795
716153
716502
716859
717245
717651
718033
718387
718736
719086
719444
719803
720140
720473
720807
721152
721529
721902
722247
722602
722961
723319
723654
723988
724326
724652
724971
725290
725617
725969
726417
726870
727294
727701
728102
728502
728900
729306
729695
730055
730410
730773
731165
731543
731939
732360
732789
733186
733564
733928
734289
734647
734985
735319
735664
736046
736456
736830
737221
737630
738054
738490
738927
739338
739721
740100
740486
740910
741347
741749
742142
742537
742954
743356
743750
744149
744562
744961
745361
745761
746165
746554
746941
747329
747719
748094
748478
748884
749291
749684
750074
750469
750857
751222
751573
751929
752306
752703
753071
753439
753808
754181
754557
754908
755245
755586
755943
756346
756751
757120
757479
757836
758197
758559
758899
759228
759558
759893
760247
760605
760960
761320
761696
762088
762477
762839
763196
763554
763923
764301
764677
765028
765378
765732
766110
766507
766900
767266
767621
767973
768332
768687
769038
769398
769802
770247
770644
771034
771424
771811
772177
772529
772875
773229
773576
773908
774236
774570
774946
775398
775821
776216
776614
777021
777430
777811
778183
778544
778912
779289
779657
780006
780364
780730
781126
781490
781846
782209
782579
782939
783310
783699
784097
784481
784859
785234
785591
785949
786322
786710
787065
787426
787798
788201
788613
789006
789410
789818
790205
790562
790909
791267
791655
792069
792450
792832
793228
793648
794062
794446
794833
795223
795598
795944
796276
796604
796935
797276
797638
797984
798322
798672
799101
799592
800043
800440
800818
801188
801559
801928
802273
802609
802948
803304
803708
804086
804481
804882
805294
805684
806082
806484
806861
807242
807626
807978
808334
808690
809035
809365
809699
810039
810396
810744
811089
811451
811839
812230
812598
812982
813376
813782
814182
814550
814906
815266
815653
816058
816447
816823
817210
817621
818044
818449
818831
819201
819567
819917
820260
820607
820968
821376
821768
822142
822528
822913
823296
823652
823990
824327
824675
825156
825619
826037
826449
826863
827249
827621
827981
828332
828674
829003
829333
829670
830016
830361
830714
831097
831513
831881
832240
832595
832942
833273
833599
833929
834266
834611
834945
835277
835609
835949
836287
836617
836953
837297
837646
837986
838327
838675
839032
839375
839719
840066
840417
840762
841095
841433
841778
842146
842556
842972
843361
843732
844104
844479
844847
845219
845618
846007
846386
846771
847142
847494
847850
848210
848550
848896
849244
849601
849950
850290
850638
851004
851422
851842
852246
852620
852984
853351
853737
854139
854550
854953
855323
855678
856032
856406
856802
857206
857602
858017
858437
858854
859263
859644
860001
860351
860709
861077
861428
861767
862108
862474
862908
863357
863771
864150
864519
864894
865274
865631
865979
866330
866701
867095
867492
867857
868200
868538
868883
869262
869652
870030
870429
870854
871263
871637
872002
872374
872779
873212
873619
874016
874423
874846
875299
875723
876118
876502
876887
877273
877656
878009
878356
878710
879085
879495
879873
880235
880600
880986
881376
881734
882072
882405
882742
883089
883418
883738
884060
884405
884851
885249
885628
886009
886396
886746
887088
887430
887776
888124
888452
888771
889087
889408
889804
890226
890629
891063
891516
891932
892347
892767
893159
893535
893902
894264
894611
894961
895320
895676
896009
896338
896670
897020
897367
897729
898123
898515
898892
899275
899657
900018
900371
900726
901092
901451
901802
902160
902543
902924
903293
903665
904046
904429
904815
905193
905539
905868
906191
906525
907031
907479
907899
908309
908717
909097
909452
909795
910130
910451
910765
911079
911400
911741
912202
912625
913029
913429
913834
914236
914611
914976
915343
915715
916065
916408
916754
917104
917459
917803
918139
918479
918844
919264
919651
920038
920428
920814
921189
921561
921925
922271
922616
922970
923331
923683
924050
924434
924818
925183
925551
925916
926265
926606
926945
927284
927613
927949
928304
928724
929092
929448
929799
930156
930518
930880
931218
931547
931876
932205
932548
932913
933285
933634
933979
934327
934678
935030
935363
935689
936021
936366
936738
937122
937490
937836
938164
938487
938812
939161
939561
939936
940300
940663
941028
941386
941724
942053
942378
942711
943047
943372
943697
944031
944383
944749
945086
945413
945734
946054
946366
946676
946987
947305
947638
947960
948282
948623
949022
949450
949826
950208
950590
950973
951352
951710
952045
952372
952702
953063
953447
953801
954150
954505
954876
955272
955661
956024
956375
956718
957052
957376
957692
958007
958320
958629
958940
959256
959565
959871
960180
960496
960824
961165
961494
961819
962152
962494
962864
963236
963591
963948
964333
964729
965137
965547
965933
966298
966655
967034
967435
967817
968197
968598
969005
969412
969797
970153
970489
970821
971169
971576
971962
972375
972809
973256
973661
974056
974452
974844
975212
975560
975909
976280
976673
977031
977397
977786
978175
978540
978908
979285
979674
980041
980378
980705
981030
981369
981758
982134
982528
982953
983386
983776
984148
984511
984875
985237
985586
985932
986293
986706
987134
987546
987944
988341
988741
989151
989559
989950
990320
990683
991065
991475
991898
992302
992705
993140
993623
994075
994508
994965
995482
995981
996428
996907
997416
997887
998313
998741
999199
999668
1000084
1000480
1000883
1001316
1001721
1002119
1002533
1002960
1003376
1003752
1004100
1004449
1004817
1005189
1005541
1005891
1006275
1006781
1007211
1007599
1007976
1008355
1008737
1009102
1009438
1009766
1010092
1010431
1010809
1011211
1011573
1011928
1012287
1012668
1013046
1013401
1013745
1014094
1014478
1014928
1015363
1015761
1016138
1016508
1016896
1017312
1017721
1018095
1018454
1018818
1019196
1019575
1019930
1020280
1020634
1021021
1021421
1021793
1022172
1022555
1022922
1023268
1023606
1023941
1024280
1024616
1024941
1025265
1025602
1026000
1026432
1026823
1027184
1027544
1027905
1028292
1028683
1029065
1029415
1029753
1030090
1030446
1030861
1031271
1031647
1032005
1032356
1032708
1033052
1033387
1033725
1034082
1034480
1034856
1035239
1035627
1035986
1036342
1036705
1037063
1037399
1037735
1038079
1038444
1038798
1039167
1039550
1039955
1040343
1040704
1041048
1041387
1041732
1042100
1042506
1042897
1043319
1043779
1044223
1044632
1045009
1045372
1045735
1046123
1046536
1046981
1047406
1047803
1048179
1048556
1048946
1049391
1049848
1050265
1050664
1051057
1051486
1051964
1052380
1052759
1053109
1053444
1053790
1054178
1054539
1054890
1055245
1055607
1055980
1056364
1056741
1057099
1057440
1057767
1058105
1058585
1059135
1059664
1060125
1060552
1061002
1061527
1062038
1062521
1063043
1063589
1064065
1064579
1065097
1065554
1066016
1066522
1067042
1067495
1067950
1068487
1069011
1069474
1069928
1070446
1070970
1071472
1071909
1072341
1072841
1073407
1073899
1074378
1074902
1075430
1075899
1076349
1076850
1077389
1077878
1078317
1078782
1079340
1079857
1080306
1080768
1081307
1081830
1082272
1082691
1083131
1083616
1084068
1084458
1084810
1085141
1085474
1085916
1086443
1086945
1087404
1087831
1088238
1088626
1088990
1089325
1089646
1089965
1090301
1090788
1091293
1091773
1092226
1092647
1093043
1093428
1093833
1094271
1094725
1095181
1095603
1096021
1096457
1096974
1097515
1097993
1098428
1098854
1099352
1099938
1100514
1101031
1101469
1101889
1102352
1102885
1103406
1103850
1104257
1104712
1105292
1105850
1106308
1106748
1107217
1107727
1108204
1108622
1109037
1109526
1110051
1110511
1110933
1111367
1111876
1112349
1112753
1113138
1113541
1114030
1114501
1114921
1115337
1115767
1116221
1116658
1117054
1117438
1117817
1118218
1118627
1119004
1119369
1119740
1120158
1120599
1121005
1121413
1121830
1122258
1122676
1123059
1123428
1123802
1124208
1124623
1125007
1125387
1125785
1126214
1126644
1127036
1127419
1127808
1128213
1128622
1128999
1129365
1129726
1130104
1130521
1130935
1131316
1131688
1132066
1132479
1132919
1133332
1133704
1134063
1134422
1134805
1135256
1135686
1136072
1136438
1136807
1137219
1137671
1138120
1138521
1138905
1139288
1139696
1140125
1140519
1140896
1141264
1141646
1142069
1142549
1142984
1143378
1143767
1144168
1144621
1145078
1145480
1145852
1146211
1146605
1147127
1147620
1148057
1148476
1148893
1149331
1149765
1150162
1150546
1150935
1151365
1151817
1152279
1152696
1153093
1153492
1153907
1154338
1154749
1155132
1155511
1155926
1156401
1156836
1157235
1157625
1158022
1158452
1158853
1159228
1159591
1159965
1160376
1160801
1161182
1161545
1161899
1162261
1162637
1162989
1163324
1163659
1164005
1164402
1164857
1165275
1165649
1166001
1166344
1166690
1167055
1167449
1167836
1168196
1168537
1168875
1169227
1169662
1170101
1170497
1170886
1171279
1171677
1172042
1172405
1172775
1173188
1173592
1173968
1174328
1174690
1175091
1175570
1176054
1176501
1176903
1177288
1177671
1178093
1178550
1179013
1179423
1179818
1180210
1180615
1181030
1181423
1181805
1182197
1182624
1183067
1183486
1183870
1184236
1184600
1184965
1185324
1185667
1186003
1186340
1186711
1187167
1187577
1187956
1188324
1188711
1189133
1189572
1189982
1190351
1190696
1191036
1191384
1191817
1192281
1192716
1193111
1193502
1193899
1194321
1194750
1195157
1195530
1195874
1196207
1196549
1196999
1197437
1197833
1198228
1198638
1199073
1199497
1199876
1200234
1200577
1200921
1201272
1201637
1201986
1202320
1202652
1202993
1203362
1203723
1204075
1204426
1204770
1205105
1205445
1205792
1206158
1206563
1206943
1207298
1207650
1208014
1208429
1208864
1209259
1209634
1210010
1210424
1210949
1211408
1211816
1212219
1212639
1213097
1213513
1213914
1214321
1214790
1215279
1215713
1216151
1216615
1217066
1217476
1217884
1218334
1218770
1219163
1219548
1219936
1220399
1220894
1221355
1221781
1222165
1222523
1222874
1223244
1223661
1224054
1224431
1224816
1225228
1225666
1226074
1226450
1226817
1227192
1227581
1227979
1228359
1228709
1229054
1229411
1229848
1230296
1230702
1231086
1231473
1231868
1232261
1232630
1232978
1233327
1233687
1234086
1234479
1234844
1235211
1235601
1236028
1236440
1236814
1237177
1237544
1237931
1238339
1238714
1239068
1239428
1239812
