207
604
998
1395
1796
2195
2575
2959
3356
3757
4169
4572
4988
5400
5807
6211
6610
7005
7400
7803
8202
8595
8992
9387
9776
10162
10555
10944
11332
11722
12109
12498
12890
13280
13671
14069
14469
14868
15271
15676
16083
16496
16916
17343
17778
18205
18616
19016
19416
19810
20203
20607
21030
21451
21874
22295
22710
23129
23548
23961
24373
24790
25197
25603
26022
26445
26868
27296
27725
28152
28571
29004
29439
29882
30336
30798
31254
31717
32185
32643
33097
33551
34010
34468
34923
35379
35839
36282
36718
37158
37610
38072
38525
38977
39401
39809
40201
40588
40960
41329
41711
42082
42481
42910
43335
43743
44141
44535
44901
45267
45640
46013
46390
46776
47181
47579
47989
48435
48849
49265
49686
50087
50486
50882
51274
51689
52121
52567
52986
53406
53834
54261
54677
55094
55507
55920
56330
56742
57131
57530
57936
58334
58742
59161
59586
59987
60384
60784
61175
61584
61995
62390
62789
63211
63624
64029
64429
64835
65243
65666
66092
66509
66931
67343
67738
68129
68517
68909
69297
69682
70067
70443
70819
71220
71611
72006
72398
72785
73195
73592
73982
74364
74739
75122
75500
75891
76300
76713
77122
77547
77975
78387
78792
79194
79584
79978
80379
80780
81170
81558
81972
82388
82801
83210
83616
84020
84442
84866
85277
85700
86148
86620
87083
87549
88017
88472
88924
89388
89853
90306
90752
91200
91652
92106
92556
93021
93490
93940
94384
94819
95250
95671
96100
96534
96962
97387
97822
98260
98694
99135
99582
100005
100415
100823
101225
101615
102006
102397
102794
103197
103578
103966
104352
104710
105071
105426
105762
106104
106448
106782
107121
107465
107815
108165
108530
108903
109272
109654
110044
110428
110815
111204
111593
111996
112408
112809
113209
113625
114022
114422
114833
115254
115655
116060
116454
116831
117213
117599
117992
118393
118802
119244
119666
120089
120520
120931
121335
121739
122150
122552
122960
123383
123786
124186
124585
124954
125315
125679
126051
126440
126830
127202
127570
127942
128326
128704
129081
129459
129852
130232
130604
130986
131370
131752
132132
132513
132902
133278
133654
134043
134441
134838
135232
135634
136019
136397
136774
137151
137518
137884
138252
138608
138950
139290
139636
139979
140337
140715
141088
141439
141783
142121
142451
142767
143079
143389
143697
144006
144326
144670
145059
145477
145919
146367
146811
147255
147686
148108
148536
148960
149376
149768
150151
150534
150920
151313
151711
152117
152528
152941
153360
153785
154209
154626
155039
155444
155850
156268
156678
157079
157478
157869
158260
158649
159038
159422
159805
160199
160583
160972
161365
161758
162127
162497
162876
163268
163652
164027
164403
164782
165153
165517
165881
166244
166596
166950
167316
167687
168064
168447
168840
169223
169609
169989
170363
170740
171119
171494
171871
172256
172661
173068
173482
173888
174284
174677
175064
175454
175831
176204
176585
176971
177352
177733
178125
178512
178901
179300
179694
180077
180453
180821
181181
181541
181902
182275
182643
183030
183426
183837
184242
184646
185050
185428
185801
186182
186553
186925
187292
187656
188006
188348
188696
189045
189400
189762
190123
190477
190818
191144
191467
191789
192111
192435
192758
193092
193441
193805
194183
194578
194984
195401
195819
196228
196644
197066
197477
197894
198313
198730
199141
199555
199968
200383
200786
201190
201602
202010
202386
202743
203107
203491
203907
204321
204730
205128
205523
205913
206291
206666
207037
207424
207808
208195
208590
209006
209407
209816
210229
210656
211071
211485
211900
212330
212748
213163
213581
213998
214406
214816
215205
215628
216041
216451
216857
217241
217632
218002
218359
218707
219049
219395
219735
220067
220397
220736
221075
221433
221807
222178
222541
222901
223265
223625
223977
224322
224668
225014
225349
225691
226045
226407
226775
227163
227580
228033
228450
228860
229262
229664
230049
230424
230781
231138
231499
231879
232261
232660
233072
233476
233883
234302
234709
235113
235505
235890
236268
236645
237030
237404
237785
238176
238568
238952
239338
239723
240091
240463
240834
241236
241618
242016
242450
242874
243294
243711
244126
244518
244914
245333
245749
246159
246570
246991
247407
247864
248300
248720
249139
249556
249971
250393
250823
251259
251687
252114
252523
252913
253307
253702
254100
254493
254889
255283
255669
256068
256468
256861
257258
257662
258062
258440
258811
259176
259546
259908
260273
260667
261045
261424
261803
262180
262567
262952
263346
263727
264109
264495
264875
265248
265628
266033
266437
266836
267238
267658
268054
268452
268836
269212
269580
269953
270356
270784
271199
271603
271993
272362
272725
273085
273442
273796
274147
274504
274862
275220
275577
275936
276294
276662
277026
277391
277755
278129
278498
278872
279247
279624
280011
280401
280805
281184
281561
281938
282303
282671
283038
283411
283781
284149
284507
284868
285226
285594
285964
286348
286730
287117
287509
287891
288269
288642
289007
289369
289733
290101
290472
290851
291259
291692
292125
292552
292963
293362
293756
294150
294531
294915
295298
295673
296059
296445
296843
297241
297638
298041
298427
298810
299209
299604
300010
300443
300864
301249
301629
302014
302406
302801
303212
303626
304025
304435
304861
305266
305671
306075
306482
306881
307293
307715
308126
308540
308949
309351
309743
310141
310540
310925
311318
311718
312105
312499
312908
313314
313718
314129
314540
314928
315319
315716
316105
316493
316886
317286
317673
318072
318482
318898
319304
319720
320137
320526
320912
321292
321658
322021
322398
322792
323190
323585
323997
324420
324841
325241
325640
326035
326425
326797
327169
327549
327957
328354
328753
329170
329599
330006
330409
330820
331234
331631
332028
332427
332823
333215
333616
334037
334473
334902
335331
335746
336143
336536
336940
337356
337795
338219
338644
339079
339516
339945
340377
340797
341219
341645
342093
342515
342934
343350
343798
344209
344620
345028
345437
345838
346251
346689
347106
347511
347918
348338
348750
349158
349572
349989
350391
350795
351202
351604
351993
352377
352760
353138
353517
353899
354299
354695
355088
355487
355887
356278
356666
357053
357437
357816
358207
358616
359032
359432
359830
360239
360635
361039
361448
361863
362259
362662
363065
363444
363813
364179
364549
364914
365285
365652
366023
366386
366748
367105
367461
367810
368149
368484
368816
369143
369478
369823
370187
370556
370928
371320
371723
372123
372521
372925
373337
373753
374162
374587
375032
375472
375889
376309
376735
377149
377564
377992
378428
378850
379286
379732
380172
380610
381062
381521
381955
382397
382860
383322
383764
384211
384668
385109
385549
386000
386462
386896
387311
387711
388109
388484
388855
389226
389593
389973
390369
390779
391185
391585
391972
392334
392694
393043
393386
393726
394067
394423
394806
395244
395696
396135
396577
397024
397464
397902
398327
398756
399155
399556
399958
400384
400817
401265
401718
402183
402634
403071
403504
403916
404331
404746
405179
405630
406097
406574
407026
407455
407863
408276
408677
409070
409453
409827
410186
410544
410917
411305
411707
412138
412584
413018
413461
413903
414322
414733
415139
415542
415932
416322
416715
417113
417509
417918
418347
418766
419183
419606
420025
420430
420837
421243
421650
422062
422480
422888
423295
423716
424153
424574
424999
425429
425852
426258
426659
427059
427452
427835
428221
428609
428985
429356
429731
430118
430506
430884
431260
431628
431988
432347
432718
433087
433460
433826
434190
434565
434938
435322
435705
436086
436462
436840
437219
437605
437990
438375
438768
439152
439533
439911
440290
440665
441047
441425
441807
442192
442578
442979
443409
443844
444292
444740
445175
445587
445994
446419
446824
447222
447616
448015
448410
448817
449260
449674
450087
450495
450912
451313
451712
452107
452495
452879
453272
453688
454086
454481
454867
455251
455630
456006
456391
456774
457157
457536
457921
458309
458698
459089
459478
459855
460228
460598
460960
461315
461670
462024
462388
462758
463131
463524
463933
464345
464752
465163
465576
465982
466388
466791
467199
467592
467995
468430
468860
469293
469743
470163
470557
470951
471353
471752
472161
472577
473017
473432
473852
474268
474678
475086
475495
475895
476283
476695
477116
477520
477923
478328
478728
479126
479528
479950
480353
480757
481169
481585
481981
482376
482781
483179
483578
483981
484392
484806
485225
485637
486030
486420
486808
487207
487596
488004
488433
488875
489311
489741
490156
490566
490977
491408
491818
492230
492637
493053
493469
493919
494363
494788
495206
495638
496047
496459
496883
497307
497720
498143
498582
499002
499427
499854
500268
500641
500999
501355
501713
502072
502436
502803
503164
503513
503858
504199
504534
504879
505227
505580
505943
506309
506702
507129
507549
507958
508375
508796
509191
509585
509972
510351
510729
511125
511527
511914
512322
512761
513175
513581
513983
514388
514779
515185
515598
516008
516425
516851
517266
517679
518093
518489
518884
519277
519662
520056
520456
520849
521254
521652
522042
522441
522848
523247
523651
524054
524450
524846
525243
525633
526018
526398
526775
527160
527546
527933
528311
528691
529070
529447
529827
530211
530600
530985
531372
531760
532150
532534
532931
533333
533719
534110
534506
534895
535285
535687
536092
536476
536869
537256
537625
537993
538361
538726
539079
539427
539775
540122
540468
540817
541169
541531
541891
542267
542644
543033
543412
543783
544144
544497
544852
545213
545573
545937
546308
546685
547065
547454
547850
548239
548631
549028
549414
549796
550179
550563
550941
551322
551712
552099
552495
552902
553313
553725
554140
554546
554929
555307
555674
556042
556422
556832
557269
557686
558116
558537
558947
559357
559754
560143
560527
560902
561280
561663
562075
562494
562919
563357
563774
564194
564612
565009
565415
565809
566220
566629
567049
567479
567906
568312
568704
569084
569463
569847
570239
570629
571023
571423
571827
572241
572640
573027
573399
573763
574131
574517
574932
575373
575831
576267
576735
577183
577616
578048
578461
578847
579235
579634
580031
580439
580872
581323
581775
582217
582642
583053
583486
583928
584340
584746
585139
585528
585916
586313
586693
587076
587464
587856
588235
588611
588992
589389
589808
590232
590656
591072
591476
591875
592266
592669
593080
593499
593903
594302
594703
595098
595493
595899
596323
596735
597140
597551
597974
598387
598803
599229
599643
600061
600485
600936
601364
601800
602240
602685
603115
603567
604017
604453
604880
605300
605722
606132
606537
606941
607346
607766
608195
608607
609022
609435
609848
610250
610635
611020
611421
611800
612190
612594
612998
613389
613785
614191
614590
614998
615417
615840
616246
616614
616968
617330
617698
618085
618495
618929
619374
619813
620239
620645
621037
621427
621808
622192
622582
622987
623386
623799
624230
624667
625117
625559
626003
626424
626838
627250
627666
628083
628508
628948
629382
629821
630265
630690
631092
631498
631896
632306
632725
633172
633629
634069
634500
634929
635352
635766
636182
636587
636986
637380
637773
638160
638569
638991
639406
639821
640238
640647
641049
641455
641862
642251
642651
643055
643454
643860
644266
644667
645060
645461
645857
646260
646674
647075
647474
647873
648264
648659
649061
649466
649864
650273
650684
651083
651492
651909
652318
652721
653142
653558
653967
654381
654799
655192
655593
656003
656413
656836
657275
657717
658154
658607
659060
659500
659940
660372
660787
661206
661632
662038
662460
662894
663322
663756
664201
664638
665056
665477
665900
666303
666716
667141
667560
667970
668386
668782
669149
669517
669888
670264
670652
671026
671392
671754
672113
672469
672825
673184
673548
673928
674314
674709
675109
675516
675918
676325
676720
677110
677497
677885
678276
678663
679037
679410
679786
680156
680529
680917
681325
681739
682183
682636
683076
683500
683921
684333
684737
685133
685544
685963
686375
686788
687207
687620
688049
688481
688904
689324
689730
690142
690543
690963
691392
691813
692230
692648
693066
693473
693878
694296
694724
695144
695562
695983
696391
696804
697213
697605
697998
698397
698795
699190
699593
699994
700380
700771
701171
701565
701955
702353
702756
703150
703545
703946
704339
704732
705131
705533
705920
706312
706715
707110
707497
707885
708275
708654
709038
709425
709808
710198
710602
711009
711409
711816
712196
712563
712916
713257
713588
713919
714245
714580
714916
715258
715593
715911
716241
716572
716911
717270
717653
718054
718464
718881
719287
719689
720066
720440
720820
721234
721683
722171
722642
723117
723596
724072
724537
725002
725469
725919
726364
726804
727239
727666
728096
728545
728983
729432
729890
730335
730783
731230
731667
732103
732544
732983
733417
733848
734284
734710
735134
735566
735984
736400
736826
737252
737679
738118
738537
738946
739372
739808
740252
740672
741076
741480
741888
742312
742730
743153
743570
743980
744390
744796
745206
745611
746009
746405
746799
747188
747597
748013
748445
748866
749295
749720
750132
750531
750906
751266
751617
751965
752312
752657
753024
753405
753802
754192
754622
755051
755476
755895
756311
756714
757101
757484
757875
758264
758686
759104
759540
759966
760413
760846
761261
761673
762099
762499
762893
763297
763701
764108
764512
764933
765349
765784
766225
766646
767087
767518
767932
768336
768746
769133
769524
769936
770353
770769
771197
771626
772014
772386
772755
773121
773486
773856
774222
774577
774923
775262
775603
775950
776317
776687
777077
777485
777912
778315
778722
779134
779572
780000
780431
780866
781299
781743
782193
782629
783048
783462
783882
784314
784737
785168
785584
785999
786422
786835
787246
787661
788072
788469
788859
789249
789646
790046
790452
790866
791269
791675
792057
792426
792784
793131
793485
793849
794233
794620
795027
795436
795836
796246
796655
797047
797436
797826
798215
798580
798952
799334
799729
800124
800530
800942
801349
801767
802194
802602
802997
803387
803759
804135
804518
804908
805296
805698
806105
806500
806905
807321
807729
808138
808549
808950
809351
809757
810164
810560
810966
811380
811792
812218
812650
813061
813471
813871
814266
814666
815064
815466
815880
816306
816746
817206
817673
818114
818556
818998
819411
819824
820234
820625
821028
821444
821872
822304
822737
823173
823606
824052
824477
824904
825339
825763
826193
826614
827033
827442
827856
828263
828677
829100
829510
829927
830355
830768
831184
831617
832041
832466
832892
833316
833731
834140
834533
834929
835331
835743
836155
836565
836972
837379
837779
838175
838560
838953
839351
839737
840124
840517
840915
841332
841750
842165
842567
842969
843374
843769
844165
844558
844960
845364
845802
846234
846653
847079
847510
847935
848356
848799
849233
849651
850062
850464
850858
851250
851662
852057
852438
852803
853162
853520
853881
854246
854618
854988
855349
855714
856076
856428
856788
857152
857518
857889
858271
858647
859005
859367
859732
860091
860434
860769
861104
861434
861767
862111
862470
862849
863236
863631
864031
864435
864845
865250
865645
866053
866448
866853
867274
867709
868125
868535
868919
869289
869652
870013
870376
870734
871082
871417
871739
872056
872377
872712
873067
873447
873839
874241
874636
875015
875372
875711
876040
876368
876696
877011
877319
877632
877961
878342
878762
879197
879628
880066
880504
880920
881316
881699
882056
882413
882785
883167
883579
884029
884512
885024
885517
885993
886455
886878
887269
887646
888014
888375
888731
889107
889510
889930
890346
890763
891178
891581
891984
892382
892768
893161
893570
893973
894383
894801
895213
895618
896028
896429
896835
897250
897663
898062
898471
898878
899270
899660
900060
900465
900869
901280
901691
902089
902489
902875
903246
903623
904005
904380
904769
905165
905555
905959
906370
906763
907167
907574
907962
908360
908765
909166
909567
909970
910368
910746
911125
911511
911907
912318
912743
913187
913610
914038
914460
914866
915279
915698
916113
916523
916942
917366
917783
918212
918651
919069
919499
919935
920367
920805
921246
921664
922090
922529
922955
923382
923815
924249
924666
925087
925514
925930
926357
926794
927210
927619
928027
928430
928829
929226
929628
930020
930428
930843
931276
931707
932148
932581
932998
933416
933832
934231
934636
935058
935484
935909
936337
936757
937175
937569
937949
938316
938676
939032
939398
939768
940144
940505
940854
941197
941533
941866
942197
942526
942852
943176
943502
943832
944184
944565
944960
945360
945741
946115
946476
946818
947148
947469
947788
948111
948433
948759
949086
949430
949794
950162
950538
950921
951312
951696
952089
952485
952863
953234
953602
953953
954287
954613
954933
955246
955565
955891
956237
956606
956988
957396
957806
958232
958663
959087
959514
959933
960323
960688
961040
961377
961708
962036
962360
962681
962992
963300
963602
963902
964204
964528
964891
965288
965658
966020
966390
966772
967147
967530
967924
968322
968710
969107
969515
969921
970330
970771
971210
971628
972057
972497
972906
973327
973751
974156
974566
974993
975397
975821
976254
976676
977106
977539
977948
978369
978797
979202
979612
980027
980426
980837
981260
981673
982086
982499
982899
983306
983710
984097
984488
984868
985238
985602
985963
986311
986655
986992
987320
987639
987949
988252
988553
988864
989189
989523
989852
990173
990491
990809
991127
991441
991760
992087
992428
992790
993158
993535
993927
994336
994744
995165
995588
996016
996423
996828
997224
997603
997963
998321
998679
999055
999432
999826
1000238
1000651
1001073
1001498
1001914
1002325
1002733
1003133
1003527
1003923
1004320
1004703
1005089
1005476
1005855
1006222
1006576
1006926
1007273
1007624
1007973
1008318
1008654
1008987
1009313
1009633
1009950
1010270
1010597
1010933
1011275
1011618
1011950
1012276
1012598
1012920
1013237
1013547
1013856
1014170
1014492
1014829
1015195
1015588
1016009
1016445
1016903
1017357
1017784
1018204
1018611
1019010
1019399
1019793
1020193
1020577
1020965
1021374
1021800
1022221
1022640
1023054
1023464
1023863
1024264
1024664
1025053
1025443
1025834
1026215
1026590
1026968
1027336
1027716
1028113
1028507
1028910
1029319
1029722
1030124
1030532
1030942
1031334
1031731
1032127
1032512
1032896
1033280
1033669
1034048
1034438
1034834
1035222
1035619
1036022
1036418
1036810
1037202
1037587
1037966
1038345
1038730
1039097
1039477
1039863
1040245
1040635
1041034
1041430
1041809
1042195
1042592
1042988
1043368
1043749
1044136
1044525
1044890
1045241
1045593
1045940
1046286
1046630
1046968
1047301
1047629
1047951
1048266
1048576
1048888
1049209
1049545
1049896
1050255
1050622
1050993
1051368
1051728
1052093
1052454
1052815
1053161
1053500
1053833
1054159
1054494
1054839
1055194
1055568
1055951
1056342
1056737
1057122
1057504
1057881
1058250
1058604
1058952
1059298
1059657
1060031
1060414
1060810
1061218
1061623
1062021
1062410
1062796
1063173
1063529
1063883
1064229
1064561
1064892
1065215
1065542
1065869
1066194
1066526
1066863
1067201
1067537
1067880
1068225
1068575
1068918
1069272
1069637
1070027
1070421
1070820
1071222
1071628
1072021
1072424
1072826
1073214
1073595
1073967
1074333
1074688
1075034
1075374
1075705
1076029
1076347
1076660
1076968
1077272
1077578
1077891
1078213
1078542
1078876
1079206
1079529
1079847
1080158
1080463
1080765
1081066
1081367
1081668
1081983
1082308
1082656
1083018
1083407
1083812
1084241
1084662
1085098
1085538
1085964
1086392
1086815
1087222
1087636
1088033
1088395
1088745
1089095
1089529
1089971
1090405
1090879
1091288
1091676
1092042
1092399
1092740
1093071
1093402
1093731
1094062
1094392
1094734
1095101
1095490
1095853
1096212
1096557
1096891
1097222
1097549
1097876
1098214
1098559
1098917
1099277
1099649
1100029
1100407
1100775
1101144
1101519
1101888
1102256
1102630
1103012
1103383
1103758
1104134
1104511
1104877
1105247
1105619
1105981
1106340
1106700
1107063
1107420
1107778
1108143
1108514
1108880
1109249
1109620
1109982
1110345
1110704
1111057
1111403
1111735
1112058
1112381
1112704
1113033
1113376
1113735
1114107
1114490
1114885
1115284
1115664
1116046
1116423
1116788
1117147
1117502
1117859
1118209
1118565
1118930
1119298
1119662
1120036
1120415
1120798
1121184
1121573
1121972
1122361
1122759
1123159
1123563
1123960
1124365
1124771
1125172
1125575
1125980
1126388
1126789
1127194
1127605
1128018
1128418
1128824
1129227
1129622
1129996
1130348
1130697
1131048
1131411
1131780
1132149
1132501
1132838
1133167
1133488
1133805
1134120
1134430
1134737
1135046
1135351
1135667
1135991
1136329
1136672
1137015
1137349
1137678
1138003
1138327
1138652
1138985
1139331
1139687
1140048
1140407
1140763
1141113
1141441
1141766
1142086
1142414
1142759
1143126
1143533
1143958
1144388
1144826
1145285
1145749
1146201
1146651
1147088
1147508
1147919
1148329
1148725
1149115
1149499
1149874
1150250
1150624
1150985
1151346
1151701
1152047
1152379
1152707
1153030
1153353
1153675
1154006
1154349
1154699
1155055
1155434
1155825
1156212
1156602
1156990
1157362
1157731
1158103
1158466
1158830
1159195
1159562
1159923
1160289
1160660
1161021
1161387
1161758
1162128
1162502
1162881
1163259
1163632
1164011
1164391
1164750
1165109
1165470
1165824
1166181
1166541
1166900
1167254
1167612
1167974
1168325
1168674
1169023
1169366
1169704
1170046
1170389
1170721
1171043
1171361
1171677
1171997
1172327
1172670
1173021
1173370
1173710
1174037
1174356
1174671
1174980
1175288
1175599
1175919
1176249
1176587
1176942
1177313
1177709
1178118
1178532
1178946
1179347
1179734
1180114
1180492
1180857
1181223
1181590
1181960
1182331
1182709
1183096
1183485
1183883
1184279
1184686
1185091
1185497
1185890
1186289
1186692
1187081
1187469
1187854
1188230
1188618
1189009
1189397
1189791
1190187
1190583
1190962
1191340
1191713
1192078
1192445
1192813
1193177
1193539
1193905
1194272
1194632
1195001
1195376
1195746
1196119
1196493
1196860
1197229
1197603
1197979
1198343
1198714
1199084
1199443
1199787
1200127
1200463
1200793
1201120
1201448
1201768
1202089
1202411
1202732
1203050
1203363
1203679
1204000
1204325
1204649
1204985
1205335
1205695
1206059
1206437
1206829
1207224
1207625
1208035
1208442
1208837
1209225
1209594
1209956
1210324
1210699
1211091
1211495
1211869
1212286
1212715
1213135
1213540
1213940
1214325
1214714
1215105
1215501
1215894
1216302
1216707
1217105
1217514
1217917
1218299
1218688
1219085
1219469
1219851
1220236
1220607
1220981
1221358
1221734
1222116
1222503
1222905
1223301
1223692
1224083
1224450
1224823
1225204
1225585
1225971
1226364
1226762
1227154
1227550
1227954
1228340
1228726
1229109
1229486
1229858
1230235
1230620
1230991
1231367
1231751
1232117
1232465
1232799
1233132
1233466
1233802
1234147
1234499
1234853
1235206
1235556
1235907
1236260
1236606
1236958
1237326
1237719
1238137
1238563
1238999
1239439
1239862
