411
839
1290
1745
2183
2619
3073
3520
3935
4345
4788
5237
5659
6053
6478
6938
7403
7838
8287
8739
9192
9625
10056
10499
10951
11381
11802
12240
12689
13135
13553
13969
14410
14854
15284
15699
16145
16598
17030
17445
17870
18307
18746
19162
19580
20003
20425
20825
21253
21685
22113
22536
22958
23340
23723
24115
24518
24932
25320
25712
26109
26536
26967
27379
27800
28240
28683
29103
29524
29964
30411
30846
31256
31643
32043
32445
32862
33275
33712
34161
34593
34997
35382
35779
36193
36623
37024
37439
37864
38321
38765
39189
39627
40057
40486
40896
41310
41748
42180
42611
43047
43504
43957
44397
44819
45254
45681
46097
46509
46946
47395
47823
48234
48648
49071
49500
49927
50336
50760
51183
51623
52038
52465
52912
53355
53769
54162
54569
54986
55404
55806
56220
56661
57133
57560
57969
58398
58815
59235
59642
60054
60488
60924
61334
61754
62180
62615
63035
63439
63862
64286
64715
65107
65485
65840
66246
66665
67095
67546
67990
68412
68824
69255
69695
70133
70562
70985
71379
71765
72147
72528
72907
73278
73674
74116
74540
74953
75449
75947
76406
76875
77353
77815
78241
78658
79080
79498
79896
80289
80704
81130
81546
81939
82354
82771
83187
83581
83999
84455
84909
85353
85809
86294
86764
87213
87642
88083
88516
88907
89302
89742
90222
90674
91111
91569
92033
92473
92879
93299
93742
94194
94628
95090
95561
96008
96428
96865
97299
97720
98119
98548
98993
99454
99879
100337
100813
101275
101708
102148
102604
103066
103490
103920
104346
104777
105197
105639
106103
106571
107013
107467
107928
108369
108783
109213
109652
110076
110481
110897
111318
111748
112147
112561
112988
113406
113808
114197
114599
115022
115456
115884
116300
116725
117145
117578
117983
118387
118796
119210
119614
120013
120441
120865
121289
121698
122126
122548
122974
123372
123781
124207
124655
125082
125516
125957
126408
126823
127249
127701
128143
128562
128969
129392
129803
130202
130587
130978
131383
131782
132177
132574
132983
133404
133803
134191
134586
134987
135379
135759
136132
136512
136895
137272
137654
138067
138500
138922
139339
139778
140218
140642
141040
141444
141866
142296
142717
143119
143547
143975
144408
144808
145212
145629
146044
146453
146874
147309
147748
148154
148566
149004
149455
149867
150295
150735
151177
151601
152043
152489
152936
153354
153773
154204
154628
155029
155433
155848
156250
156641
157040
157456
157881
158286
158724
159171
159594
159988
160393
160822
161250
161648
162065
162517
162972
163401
163845
164305
164779
165207
165637
166080
166532
166970
167403
167858
168330
168774
169215
169667
170123
170546
170967
171415
171877
172329
172763
173217
173664
174084
174490
174913
175330
175757
176157
176574
177006
177448
177866
178303
178753
179199
179615
180000
180390
180786
181182
181573
181979
182407
182862
183299
183724
184179
184632
185071
185485
185907
186333
186765
187201
187621
188051
188489
188941
189351
189749
190189
190644
191121
191573
192019
192483
192972
193452
193912
194358
194821
195303
195774
196205
196652
197127
197594
198019
198439
198893
199366
199830
200249
200698
201160
201613
202048
202495
202955
203420
203851
204267
204708
205146
205568
205981
206417
206856
207294
207697
208109
208535
208965
209381
209800
210240
210682
211100
211527
211976
212443
212874
213279
213697
214130
214570
214997
215424
215879
216338
216774
217203
217660
218117
218562
218978
219408
219846
220292
220709
221136
221580
222035
222485
222917
223370
223830
224293
224716
225140
225594
226045
226492
226927
227388
227859
228291
228702
229133
229588
230039
230466
230892
231353
231815
232272
232703
233154
233612
234044
234447
234863
235275
235698
236115
236565
237021
237461
237889
238338
238799
239226
239638
240065
240495
240907
241299
241701
242119
242541
242947
243347
243795
244256
244700
245127
245571
246001
246400
246798
247218
247667
248141
248576
249033
249517
249996
250433
250873
251339
251817
252254
252706
253186
253674
254138
254608
255102
255547
255971
256423
256892
257366
257821
258292
258762
259200
259632
260089
260524
260947
261398
261864
262350
262790
263250
263712
264162
264593
265029
265484
265934
266355
266797
267264
267749
268174
268605
269062
269536
269968
270409
270879
271340
271761
272194
272639
273091
273514
273960
274429
274892
275323
275776
276231
276695
277133
277581
278023
278477
278913
279360
279817
280275
280698
281112
281531
281967
282404
282825
283277
283745
284212
284640
285077
285529
285985
286395
286827
287277
287725
288156
288612
289087
289559
289999
290445
290906
291373
291802
292237
292696
293143
293567
294031
294487
294920
295375
295855
296319
296743
297192
297653
298113
298533
298973
299429
299875
300284
300709
301160
301602
302044
302529
303056
303560
304000
304435
304870
305310
305700
306089
306461
306816
307206
307698
308175
308612
309061
309517
309958
310360
310780
311207
311628
312039
312484
312940
313371
313829
314309
314775
315193
315626
316073
316522
316948
317399
317873
318348
318781
319225
319686
320155
320577
321023
321480
321953
322391
322823
323279
323752
324213
324652
325118
325591
326033
326446
326887
327339
327800
328249
328710
329177
329651
330088
330534
330993
331446
331860
332272
332695
333123
333537
333961
334417
334869
335287
335690
336114
336544
336975
337377
337800
338250
338697
339116
339535
339972
340416
340840
341232
341625
342045
342483
342973
343439
343845
344250
344693
345131
345581
345984
346376
346802
347242
347660
348085
348495
348893
349317
349757
350208
350667
351093
351540
351995
352449
352884
353294
353728
354148
354572
355008
355422
355841
356263
356705
357137
357537
357934
358334
358748
359173
359568
359988
360398
360810
361202
361612
362049
362491
362914
363363
363812
364232
364662
365094
365525
365933
366355
366804
367269
367700
368116
368546
368980
369399
369825
370264
370733
371170
371636
372107
372569
373000
373436
373879
374331
374757
375164
375608
376039
376465
376879
377295
377699
378097
378481
378876
379260
379627
379984
380365
380781
381161
381567
381975
382357
382726
383105
383525
383973
384401
384809
385215
385629
386062
386500
386898
387285
387682
388089
388521
388972
389428
389869
390320
390756
391188
391615
392041
392465
392862
393271
393687
394123
394548
394957
395394
395852
396308
396730
397150
397573
398005
398404
398812
399262
399715
400140
400565
400999
401443
401851
402256
402671
403079
403475
403882
404324
404776
405208
405629
406081
406530
406955
407363
407762
408160
408548
408950
409379
409820
410249
410695
411165
411649
412084
412522
412983
413435
413865
414262
414670
415094
415529
415959
416405
416877
417380
417797
418192
418603
419038
419484
419917
420329
420776
421231
421642
422039
422436
422873
423323
423803
424279
424749
425213
425666
426113
426546
426964
427383
427813
428241
428670
429099
429504
429916
430336
430773
431193
431597
432048
432509
432974
433405
433816
434214
434590
434947
435292
435661
436063
436453
436850
437253
437640
438020
438392
438762
439143
439546
439948
440322
440692
441100
441541
442001
442448
442849
443278
443741
444211
444702
445167
445635
446116
446598
447064
447504
447949
448406
448873
449297
449733
450191
450657
451086
451525
451978
452438
452884
453305
453733
454165
454598
455006
455391
455768
456136
456548
456975
457408
457836
458267
458683
459088
459484
459869
460262
460664
461081
461487
461874
462271
462671
463097
463505
463917
464344
464769
465174
465559
465949
466348
466754
467151
467546
467962
468391
468802
469190
469566
469931
470294
470682
471100
471544
472016
472474
472938
473404
473855
474276
474712
475135
475570
475999
476391
476770
477146
477547
477949
478343
478754
479168
479550
479930
480300
480650
481006
481485
481965
482431
482872
483350
483831
484282
484684
485089
485504
485929
486333
486732
487152
487594
488005
488437
488904
489375
489790
490209
490634
491065
491476
491916
492382
492849
493307
493778
494246
494675
495098
495545
495992
496418
496839
497282
497733
498154
498585
499037
499480
499884
500296
500722
501132
501523
501936
502365
502789
503203
503618
504035
504440
504828
505237
505649
506067
506463
506874
507312
507748
508162
508582
508997
509396
509783
510185
510607
511034
511446
511869
512317
512748
513168
513592
514014
514412
514794
515181
515578
515958
516325
516684
517042
517434
517826
518250
518696
519155
519596
520003
520430
520853
521273
521685
522102
522503
522916
523333
523754
524194
524616
525003
525391
525780
526178
526565
526950
527356
527773
528186
528577
528990
529421
529852
530257
530686
531122
531553
531954
532378
532800
533221
533626
534044
534478
534917
535335
535780
536233
536673
537092
537518
537953
538380
538770
539158
539554
539980
540404
540834
541283
541730
542151
542579
543007
543424
543820
544238
544669
545099
545501
545934
546364
546785
547193
547602
548018
548428
548832
549251
549673
550090
550503
550931
551393
551809
552199
552608
553018
553447
553853
554287
554720
555146
555554
555990
556442
556904
557334
557778
558230
558654
559065
559500
559930
560347
560747
561156
561558
561980
562373
562796
563229
563653
564051
564458
564887
565305
565698
566107
566529
566959
567380
567812
568268
568721
569146
569597
570050
570478
570867
571234
571618
572052
572517
572954
573378
573812
574260
574676
575091
575523
575947
576353
576769
577211
577679
578100
578528
578966
579386
579783
580185
580603
581029
581433
581835
582244
582655
583038
583406
583782
584161
584537
584912
585321
585729
586115
586499
586893
587273
587645
588012
588377
588738
589082
589420
589751
590101
590477
590848
591205
591581
591980
592380
592749
593098
593430
593754
594074
594400
594764
595159
595560
595994
596458
596912
597381
597812
598229
598636
599036
599461
599908
600377
600807
601300
601799
602283
602702
603141
603606
604042
604537
605087
605575
606011
606500
606972
607428
607882
608288
608717
609196
609664
610101
610597
611095
611546
611962
612401
612853
613319
613762
614245
614751
615214
615649
616115
616569
617011
617486
617994
618492
618929
619402
619892
620358
620776
621217
621665
622121
622531
622962
623395
623843
624268
624708
625153
625616
626050
626497
626939
627373
627794
628237
628699
629155
629587
630039
630501
630939
631345
631748
632146
632560
632966
633387
633820
634283
634745
635195
635674
636143
636614
637039
637459
637897
638346
638785
639231
639674
640099
640520
640951
641398
641853
642293
642743
643214
643712
644159
644573
645000
645417
645819
646215
646653
647109
647578
648049
648531
649007
649420
649832
650245
650662
651060
651490
651947
652422
652846
653258
653695
654159
654601
655005
655428
655866
656297
656719
657182
657685
658156
658601
659069
659556
660008
660406
660805
661207
661589
661989
662399
662824
663234
663678
664151
664628
665075
665538
665988
666417
666801
667190
667602
668029
668449
668901
669395
669864
670289
670734
671164
671587
671987
672399
672830
673274
673702
674176
674649
675107
675531
675956
676369
676777
677158
677571
678040
678542
679015
679495
679963
680396
680800
681218
681658
682087
682502
682953
683419
683844
684318
684787
685227
685669
686121
686577
686997
687426
687886
688360
688786
689187
689595
690045
690478
690896
691334
691761
692171
692608
693052
693509
693947
694392
694828
695275
695710
696140
696577
697016
697440
697857
698303
698761
699192
699609
700051
700489
700909
701293
701680
702060
702425
702776
703157
703582
704018
704418
704826
705243
705661
706074
706463
706867
707269
707683
708067
708457
708862
709257
709646
710074
710547
711036
711488
711943
712393
712836
713258
713697
714150
714591
715007
715439
715888
716322
716737
717183
717654
718097
718525
718965
719418
719845
720293
720762
721229
721644
722088
722543
722970
723383
723816
724243
724636
725052
725472
725892
726300
726728
727154
727588
727987
728402
728827
729238
729619
730005
730395
730785
731163
731548
731941
732363
732770
733185
733585
733967
734346
734729
735115
735479
735842
736200
736547
736890
737242
737613
738009
738396
738775
739150
739516
739872
740216
740547
740876
741205
741544
741929
742339
742709
743089
743477
743858
744238
744627
745044
745477
745894
746331
746773
747207
747604
747992
748378
748760
749133
749510
749900
750305
750699
751093
751516
751945
752361
752769
753191
753606
754016
754427
754873
755318
755729
756139
756547
756987
757406
757831
758284
758721
759138
759557
759996
760449
760860
761289
761738
762170
762584
763002
763412
763824
764213
764601
765006
765428
765852
766267
766714
767155
767576
767992
768414
768832
769233
769649
770081
770534
770972
771421
771886
772367
772790
773203
773629
774063
774487
774903
775341
775779
776245
776677
777142
777593
778013
778453
778923
779400
779845
780311
780776
781220
781642
782105
782597
783083
783512
783933
784362
784805
785226
785645
786106
786567
786999
787444
787869
788281
788702
789130
789561
789963
790372
790812
791261
791675
792099
792556
793024
793477
793941
794434
794924
795370
795823
796287
796717
797116
797519
797925
798344
798751
799174
799614
800067
800496
800940
801384
801811
802210
802604
802983
803350
803715
804074
804459
804901
805398
805853
806321
806804
807248
807670
808116
808564
808989
809435
809896
810356
810808
811277
811765
812190
812625
813078
813542
813964
814405
814836
815260
815657
816072
816492
816920
817341
817805
818276
818722
819143
819589
820028
820440
820855
821293
821715
822123
822521
822949
823400
823850
824270
824709
825142
825567
825961
826364
826769
827164
827586
828009
828422
828847
829274
829733
830178
830630
831090
831499
831901
832346
832819
833263
833702
834165
834650
835094
835529
836012
836488
836927
837364
837814
838245
838645
839069
839496
839922
840323
840715
841115
841546
841972
842378
842808
843244
843678
844083
844488
844903
845328
845766
846164
846557
846957
847374
847816
848233
848659
849102
849529
849946
850373
850808
851235
851638
852057
852475
852873
853267
853679
854101
854527
854936
855381
855829
856257
856666
857091
857520
857930
858320
858696
859058
859442
859883
860293
860732
861172
861573
861994
862406
862810
863187
863570
863979
864407
864809
865250
865703
866156
866591
867023
867441
867864
868250
868625
869015
869413
869803
870191
870607
871044
871470
871882
872332
872774
873211
873655
874061
874463
874890
875342
875768
876196
876648
877087
877494
877900
878318
878761
879176
879615
880074
880516
880936
881357
881783
882198
882586
882957
883315
883691
884083
884508
884934
885361
885791
886197
886591
886978
887373
887755
888129
888505
888870
889235
889593
889961
890323
890667
891021
891392
891780
892164
892530
892900
893282
893667
894040
894400
894763
895130
895504
895870
896259
896652
897069
897465
897891
898303
898727
899117
899516
899922
900329
900729
901110
901487
901873
902285
902712
903112
903517
903930
904359
904778
905173
905584
906020
906441
906853
907271
907689
908131
908538
908954
909367
909778
910182
910581
910966
911340
911696
912038
912411
912802
913195
913588
913995
914426
914850
915278
915697
916137
916572
917005
917405
917808
918224
918660
919092
919544
920015
920472
920901
921352
921808
922236
922635
923036
923439
923817
924192
924568
924947
925325
925723
926141
926574
927005
927410
927829
928216
928595
928951
929311
929681
930060
930436
930803
931188
931591
931996
932400
932775
933145
933526
933924
934326
934709
935097
935500
935912
936316
936723
937145
937573
937976
938378
938796
939207
939602
940018
940440
940848
941250
941653
942070
942496
942900
943321
943749
944184
944585
945000
945416
945829
946223
946639
947078
947490
947903
948314
948720
949110
949510
949919
950322
950700
951089
951509
951953
952383
952775
953188
953618
954053
954457
954861
955278
955699
956121
956548
956943
957335
957735
958144
958557
958952
959344
959756
960187
960612
961014
961436
961877
962317
962724
963139
963562
963992
964396
964787
965193
965601
965988
966369
966769
967194
967638
968110
968578
969010
969399
969802
970210
970619
971035
971477
971897
972336
972794
973260
973692
974111
974542
974957
975342
975712
976083
976470
976855
977231
977631
978044
978437
978839
979248
979655
980039
980430
980825
981214
981600
981984
982384
982779
983164
983536
983921
984322
984728
985124
985500
985875
986263
986679
987104
987494
987874
988268
988697
989151
989604
990017
990446
990869
991279
991675
992076
992491
992928
993361
993778
994217
994633
995039
995429
995823
996201
996572
996946
997345
997762
998169
998556
998958
999369
999781
1000171
1000586
1000989
1001389
1001788
1002204
1002615
1003007
1003391
1003779
1004164
1004541
1004914
1005299
1005686
1006074
1006452
1006859
1007254
1007630
1008006
1008376
1008740
1009099
1009458
1009841
1010267
1010685
1011072
1011470
1011873
1012277
1012669
1013055
1013453
1013856
1014238
1014618
1015002
1015400
1015782
1016154
1016534
1016925
1017310
1017683
1018058
1018450
1018846
1019233
1019625
1020019
1020400
1020790
1021176
1021552
1021938
1022338
1022758
1023153
1023537
1023925
1024315
1024704
1025083
1025487
1025904
1026309
1026686
1027081
1027480
1027876
1028270
1028678
1029085
1029495
1029912
1030330
1030768
1031241
1031681
1032096
1032534
1032963
1033356
1033742
1034123
1034503
1034878
1035279
1035693
1036114
1036510
1036915
1037314
1037698
1038087
1038463
1038832
1039201
1039597
1040038
1040498
1040942
1041413
1041913
1042381
1042791
1043181
1043568
1043962
1044357
1044754
1045183
1045594
1045986
1046395
1046817
1047227
1047613
1047998
1048379
1048761
1049137
1049524
1049960
1050389
1050793
1051177
1051586
1051995
1052397
1052786
1053177
1053589
1054007
1054431
1054826
1055246
1055662
1056081
1056485
1056866
1057244
1057633
1058026
1058404
1058793
1059198
1059605
1060001
1060417
1060842
1061264
1061658
1062060
1062475
1062887
1063284
1063680
1064069
1064453
1064821
1065178
1065544
1065967
1066411
1066824
1067220
1067612
1068015
1068420
1068802
1069182
1069571
1069946
1070298
1070636
1070964
1071301
1071671
1072038
1072389
1072744
1073105
1073467
1073810
1074142
1074481
1074823
1075178
1075522
1075893
1076282
1076681
1077059
1077427
1077814
1078227
1078653
1079053
1079437
1079803
1080177
1080549
1080929
1081319
1081699
1082074
1082474
1082886
1083277
1083644
1084000
1084340
1084686
1085059
1085428
1085789
1086152
1086505
1086853
1087212
1087569
1087912
1088280
1088670
1089071
1089449
1089821
1090189
1090549
1090905
1091245
1091581
1091953
1092342
1092743
1093122
1093508
1093919
1094325
1094713
1095104
1095488
1095867
1096223
1096569
1096928
1097308
1097679
1098051
1098443
1098847
1099244
1099651
1100089
1100531
1100945
1101342
1101733
1102106
1102463
1102824
1103214
1103628
1104018
1104426
1104851
1105274
1105687
1106082
1106504
1106928
1107353
1107751
1108142
1108543
1108962
1109369
1109787
1110202
1110619
1111015
1111427
1111857
1112288
1112700
1113112
1113537
1113944
1114348
1114725
1115088
1115470
1115870
1116270
1116652
1117030
1117404
1117765
1118122
1118473
1118834
1119243
1119669
1120098
1120504
1120911
1121320
1121727
1122115
1122520
1122916
1123328
1123724
1124135
1124555
1124981
1125388
1125779
1126161
1126538
1126940
1127362
1127802
1128254
1128679
1129090
1129496
1129891
1130271
1130646
1131020
1131381
1131731
1132082
1132423
1132752
1133093
1133450
1133810
1134161
1134511
1134896
1135288
1135677
1136050
1136414
1136775
1137131
1137488
1137841
1138222
1138600
1138994
1139383
1139776
1140173
1140566
1140956
1141338
1141745
1142145
1142526
1142904
1143295
1143692
1144080
1144458
1144840
1145218
1145591
1145968
1146359
1146745
1147128
1147501
1147870
1148238
1148605
1148965
1149338
1149717
1150096
1150465
1150844
1151246
1151664
1152050
1152457
1152879
1153290
1153677
1154069
1154471
1154853
1155221
1155581
1155948
1156313
1156697
1157067
1157435
1157819
1158206
1158592
1158981
1159359
1159735
1160105
1160465
1160813
1161153
1161477
1161797
1162139
1162490
1162837
1163175
1163530
1163901
1164265
1164618
1164977
1165340
1165711
1166080
1166440
1166819
1167217
1167625
1168016
1168399
1168777
1169147
1169507
1169862
1170230
1170600
1170948
1171285
1171621
1171990
1172388
1172767
1173127
1173481
1173826
1174172
1174505
1174825
1175133
1175441
1175756
1176084
1176416
1176766
1177135
1177480
1177840
1178216
1178607
1179000
1179405
1179821
1180230
1180611
1181012
1181455
1181887
1182300
1182705
1183115
1183536
1183964
1184375
1184803
1185226
1185643
1186051
1186475
1186898
1187334
1187751
1188193
1188623
1189047
1189432
1189806
1190190
1190587
1190971
1191347
1191733
1192117
1192489
1192851
1193209
1193580
1193962
1194345
1194711
1195072
1195437
1195802
1196172
1196550
1196945
1197330
1197707
1198073
1198445
1198824
1199217
1199606
1200004
1200406
1200808
1201194
1201562
1201940
1202332
1202724
1203137
1203548
1203979
1204403
1204822
1205213
1205579
1205939
1206270
1206586
1206899
1207225
1207562
1207918
1208286
1208634
1208993
1209386
1209771
1210144
1210505
1210899
1211290
1211683
1212083
1212480
1212888
1213293
1213700
1214093
1214458
1214817
1215187
1215560
1215935
1216304
1216684
1217068
1217445
1217812
1218173
1218531
1218885
1219224
1219556
1219903
1220271
1220648
1221013
1221384
1221767
1222176
1222577
1222954
1223331
1223704
1224087
1224482
1224880
1225298
1225730
1226157
1226554
1226963
1227358
1227746
1228120
1228487
1228842
1229209
1229583
1229959
1230323
1230667
1230997
1231327
1231678
1232034
1232394
1232764
1233134
1233510
1233892
1234289
1234670
1235033
1235389
1235730
1236064
1236410
1236770
1237158
1237548
1237964
1238408
1238860
1239297
1239734
